/etc/tejas/mem_watch_output.txt is not created so creating it. starting at Tue Feb 17 16:39:36 IST 2015
Memory Changes in every 5m interval
MemTotal: MemFree: Buffers: Cached: SwapCached: Active: Inactive: SwapTotal: SwapFree: Dirty: Writeback: AnonPages: Mapped: Slab: SReclaimable: SUnreclaim: PageTables: NFS_Unstable: Bounce: WritebackTmp: CommitLimit: Committed_AS: VmallocTotal: VmallocUsed: VmallocChunk: 
509144 4168 39756 402332 0 79632 408932 0 0 32 0 46492 47472 8284 4684 3600 1392 0 0 0 254572 655104 768988 17460 751488 
509144 6632 41608 382940 0 141332 329844 0 0 10520 0 46644 47472 23272 18516 4756 1412 0 0 0 254572 655440 768988 17460 751488 
509144 5188 43796 355256 0 235356 217508 0 0 5124 0 53828 47784 42784 36504 6280 1448 0 0 0 254572 664240 768988 17460 751488 
509144 15040 44872 342912 0 261820 174424 0 0 440 0 48476 47728 49772 43044 6728 1412 0 0 0 254572 657652 768988 17460 751488 
509144 18116 44872 339164 0 259296 173888 0 0 1732 0 49164 47728 49808 43044 6764 1412 0 0 0 254572 658164 768988 17460 751488 
509144 8512 44872 343716 0 269112 173648 0 0 432 0 54188 47808 49852 43056 6796 1448 0 0 0 254572 664376 768988 17460 751488 
509144 18156 44924 341000 0 261832 170752 0 0 176 0 46676 47500 50284 43532 6752 1412 0 0 0 254572 655444 768988 17460 751488 
509144 17776 44924 340048 0 262348 170612 0 0 1352 0 48004 47728 50548 43532 7016 1412 0 0 0 254572 657012 768988 17460 751488 
509144 10336 44976 345552 0 271840 168060 0 0 896 0 49388 47728 50812 44004 6808 1412 0 0 0 254572 658420 768988 17460 751488 
509144 17612 44976 338284 0 265744 166916 0 0 160 0 49416 47776 50840 44008 6832 1412 0 0 0 254572 658592 768988 17460 751488 
509144 20076 44976 338056 0 263232 166784 0 0 1300 0 47000 47728 50968 44008 6960 1412 0 0 0 254572 655972 768988 17460 751488 
509144 12172 44976 343552 0 271220 166784 0 0 460 0 49492 47776 50840 44008 6832 1412 0 0 0 254572 658848 768988 17460 751488 
509144 16124 44976 339760 0 267280 166788 0 0 540 0 49348 47732 50844 44008 6836 1412 0 0 0 254572 658300 768988 17460 751488 
509144 15652 44976 340336 0 265892 168760 0 0 3036 0 49356 47732 50804 44008 6796 1412 0 0 0 254572 658300 768988 17460 751488 
509144 12552 45004 343588 0 270764 166780 0 0 16 0 48968 47728 51092 44168 6924 1412 0 0 0 254572 657908 768988 17460 751488 
509144 15900 45004 339720 0 267380 166780 0 0 336 0 49452 47776 50984 44164 6820 1412 0 0 0 254572 658592 768988 17460 751488 
509144 13404 45004 342220 0 269820 166784 0 0 760 0 49396 47732 51004 44168 6836 1412 0 0 0 254572 658556 768988 17460 751488 
509144 14040 45004 341544 0 270264 165768 0 0 1956 0 49500 47776 50988 44168 6820 1412 0 0 0 254572 658848 768988 17460 751488 
509144 17868 45004 337948 0 266520 165768 0 0 888 188 49352 47732 51008 44168 6840 1412 0 0 0 254572 658300 768988 17460 751488 
509144 12892 45004 342708 0 271352 165764 0 0 1048 0 49420 47732 51028 44168 6860 1412 0 0 0 254572 658556 768988 17460 751488 
509144 15792 45004 339768 0 269640 164612 0 0 640 0 49496 47776 50976 44168 6808 1412 0 0 0 254572 658848 768988 17460 751488 
509144 18308 45004 337728 0 267192 164492 0 0 4 0 48968 47808 51076 44164 6912 1448 0 0 0 254572 659456 768988 17460 751488 
509144 12576 45004 342948 0 272992 164484 0 0 352 0 49540 47776 50984 44172 6812 1412 0 0 0 254572 658848 768988 17460 751488 
509144 20148 45032 338032 0 265292 164476 0 0 2004 0 46720 47500 50984 44188 6796 1412 0 0 0 254572 655444 768988 17460 751488 
509144 15344 45032 337020 0 270008 164476 0 0 580 0 52448 47808 51272 44192 7080 1448 0 0 0 254572 662944 768988 17460 751488 
509144 16072 45032 342228 0 269512 164480 0 0 108 0 46748 47668 51032 44240 6792 1412 0 0 0 254572 655448 768988 17460 751488 
509144 18844 45036 337852 0 266612 164488 0 0 732 0 48228 47728 51192 44240 6952 1412 0 0 0 254572 657268 768988 17460 751488 
509144 16132 45036 339452 0 269536 164340 0 0 152 0 49404 47732 51080 44240 6840 1412 0 0 0 254572 658300 768988 17460 751488 
509144 14800 45036 340700 0 270900 164344 0 0 540 0 49524 47776 51048 44240 6808 1412 0 0 0 254572 658848 768988 17460 751488 
509144 13620 45036 336668 0 272008 164348 0 0 24 0 54668 47808 51120 44240 6880 1448 0 0 0 254572 664760 768988 17460 751488 
509144 16428 45036 339108 0 269236 164300 0 0 224 0 49408 47732 51036 44240 6796 1412 0 0 0 254572 658300 768988 17460 751488 
509144 15668 45036 339852 0 270084 164304 0 0 844 0 49516 47776 51044 44240 6804 1412 0 0 0 254572 658848 768988 17460 751488 
509144 18272 45036 337364 0 267468 164300 0 0 0 0 49384 47732 51060 44240 6820 1412 0 0 0 254572 658300 768988 17460 751488 
509144 15440 45036 341460 0 270164 164304 0 0 904 308 47988 47728 51240 44240 7000 1412 0 0 0 254572 657012 768988 17460 751488 
509144 17412 45036 338100 0 268308 164304 0 0 584 0 49492 47776 51048 44240 6808 1412 0 0 0 254572 658592 768988 17460 751488 
509144 21844 45036 335048 0 263784 164304 0 0 312 0 48020 47728 51084 44240 6844 1412 0 0 0 254572 657012 768988 17460 751488 
509144 13932 45036 341468 0 271720 164308 0 0 988 0 49540 47776 51048 44236 6812 1412 0 0 0 254572 658848 768988 17460 751488 
509144 19016 45036 336400 0 266580 164312 0 0 720 0 49472 47776 51052 44236 6816 1412 0 0 0 254572 658592 768988 17460 751488 
509144 19448 45036 336152 0 266176 164316 0 0 480 0 49320 47728 51120 44236 6884 1412 0 0 0 254572 658164 768988 17460 751488 
509144 15752 45036 339800 0 269952 164292 0 0 120 0 49424 47732 51088 44236 6852 1412 0 0 0 254572 658556 768988 17460 751488 
509144 18976 45036 336580 0 266676 164296 0 0 0 0 49372 47728 51088 44236 6852 1412 0 0 0 254572 658164 768988 17460 751488 
509144 20744 45036 336584 0 265020 164252 0 0 0 216 47668 47728 51124 44236 6888 1412 0 0 0 254572 656756 768988 17460 751488 
509144 17280 45036 338160 0 268424 164256 0 0 1800 0 49500 47776 51056 44236 6820 1412 0 0 0 254572 658592 768988 17460 751488 
509144 19884 45036 335608 0 265836 164256 0 0 396 0 49464 47776 51056 44236 6820 1412 0 0 0 254572 658592 768988 17460 751488 
509144 19280 45036 337212 0 266480 164260 0 0 1060 0 48508 47728 51100 44236 6864 1412 0 0 0 254572 657652 768988 17460 751488 
509144 18272 45036 337288 0 266916 164876 0 0 1308 0 49484 47776 51044 44236 6808 1412 0 0 0 254572 658592 768988 17460 751488 
509144 23976 45036 334224 0 261716 164268 0 0 0 0 46740 47500 51044 44236 6808 1412 0 0 0 254572 655444 768988 17460 751488 
509144 19032 45036 339084 0 266572 164272 0 0 2720 0 46740 47500 51024 44236 6788 1412 0 0 0 254572 655444 768988 17460 751488 
509144 19752 45036 338364 0 265852 164272 0 0 428 0 46740 47500 51044 44236 6808 1412 0 0 0 254572 655444 768988 17460 751488 
509144 21844 45036 333844 0 263880 164276 0 0 320 0 49292 47728 51068 44236 6832 1412 0 0 0 254572 658164 768988 17460 751488 
509144 16296 45036 339172 0 269424 164280 0 0 728 0 49512 47776 51044 44236 6808 1412 0 0 0 254572 658592 768988 17460 751488 
509144 22372 45036 335876 0 263376 164284 0 0 8 0 46764 47668 51040 44236 6804 1412 0 0 0 254572 655448 768988 17460 751488 
509144 22672 45036 333592 0 262972 164288 0 0 1460 0 48648 47728 51232 44236 6996 1412 0 0 0 254572 657652 768988 17460 751488 
509144 18412 45036 337164 0 267384 164288 0 0 808 0 49488 47776 51032 44240 6792 1412 0 0 0 254572 658592 768988 17460 751488 
509144 23408 45036 334340 0 262136 164292 0 0 12 0 47068 47728 51248 44240 7008 1412 0 0 0 254572 655972 768988 17460 751488 
509144 23728 45036 334340 0 261812 164292 0 0 2400 0 46744 47500 51044 44236 6808 1412 0 0 0 254572 655444 768988 17460 751488 
509144 16932 45036 337592 0 268848 164300 0 0 384 0 50536 47844 51008 44236 6772 1448 0 0 0 254572 661548 768988 17460 751488 
509144 22200 45036 333516 0 263492 164304 0 0 604 0 49260 47728 51084 44236 6848 1412 0 0 0 254572 658164 768988 17460 751488 
509144 20588 45036 335996 0 265088 164304 0 0 4568 0 48376 47728 51140 44236 6904 1412 0 0 0 254572 657268 768988 17460 751488 
509144 20216 45036 336548 0 265420 164308 0 0 100 0 48160 47728 51204 44236 6968 1412 0 0 0 254572 657012 768988 17460 751488 
509144 24448 45036 331748 0 261272 164308 0 0 424 0 48812 47728 51076 44236 6840 1412 0 0 0 254572 657908 768988 17460 751488 
509144 19000 45036 338232 0 264216 166872 0 0 3192 0 47836 47728 51060 44236 6824 1412 0 0 0 254572 656756 768988 17460 751488 
509144 23372 45036 334800 0 262244 164320 0 0 16 0 46744 47500 51028 44236 6792 1412 0 0 0 254572 655444 768988 17460 751488 
509144 25828 45036 332324 0 259764 164324 0 0 1632 0 46744 47500 51056 44236 6820 1412 0 0 0 254572 655444 768988 17460 751488 
509144 13444 45036 337620 0 272424 164328 0 0 4 0 54112 47780 51036 44236 6800 1448 0 0 0 254572 664220 768988 17460 751488 
509144 22232 45036 333364 0 263496 164328 0 0 808 0 49440 47776 51056 44236 6820 1412 0 0 0 254572 658592 768988 17460 751488 
509144 23068 45036 332488 0 262508 164336 0 0 828 0 49336 47732 51084 44236 6848 1412 0 0 0 254572 658300 768988 17460 751488 
509144 17960 45036 337628 0 267712 164336 0 0 16 0 49400 47732 51108 44236 6872 1412 0 0 0 254572 658300 768988 17460 751488 
509144 24860 45036 333332 0 260760 164340 0 0 0 0 46748 47500 51024 44236 6788 1412 0 0 0 254572 655444 768988 17460 751488 
509144 22284 45036 334128 0 263312 164344 0 0 2392 0 48508 47728 51276 44236 7040 1412 0 0 0 254572 657652 768988 17460 751488 
509144 22000 45036 336064 0 263488 164344 0 0 392 0 46748 47500 51036 44236 6800 1412 0 0 0 254572 655444 768988 17460 751488 
509144 23836 45036 331864 0 261860 164352 0 0 216 0 49328 47732 51068 44236 6832 1412 0 0 0 254572 658300 768988 17460 751488 
509144 23100 45036 335064 0 262480 164352 0 0 4284 0 46748 47500 51048 44232 6816 1412 0 0 0 254572 655444 768988 17460 751488 
509144 19256 45036 336276 0 266420 164356 0 0 412 0 49480 47776 51052 44232 6820 1412 0 0 0 254572 658592 768988 17460 751488 
509144 21968 45036 333648 0 263660 164356 0 0 2076 0 49348 47732 51072 44228 6844 1412 0 0 0 254572 658300 768988 17460 751488 
509144 20280 45036 337852 0 261896 167724 0 0 4688 0 46748 47500 51016 44228 6788 1412 0 0 0 254572 655444 768988 17460 751488 
509144 23620 45036 334576 0 261976 164368 0 0 428 0 46748 47500 51016 44228 6788 1412 0 0 0 254572 655444 768988 17460 751488 
509144 22100 45036 333540 0 263540 164368 0 0 96 0 49348 47732 51056 44224 6832 1412 0 0 0 254572 658300 768988 17460 751488 
509144 21124 45036 337064 0 264460 164372 0 0 100 0 46748 47500 51028 44224 6804 1412 0 0 0 254572 655444 768988 17460 751488 
509144 24240 45036 333900 0 261300 164372 0 0 792 0 46752 47500 51016 44224 6792 1412 0 0 0 254572 655444 768988 17460 751488 
509144 21216 45036 334608 0 262256 166664 0 0 3024 0 49292 47728 51068 44224 6844 1412 0 0 0 254572 658164 768988 17460 751488 
509144 18396 45036 337076 0 267204 164384 0 0 880 0 49492 47776 51032 44224 6808 1412 0 0 0 254572 658592 768988 17460 751488 
509144 24984 45036 333148 0 260536 164384 0 0 1388 0 46752 47500 51016 44224 6792 1412 0 0 0 254572 655444 768988 17460 751488 
509144 21588 45036 333952 0 260664 167660 0 0 5296 0 49352 47732 51068 44228 6840 1412 0 0 0 254572 658300 768988 17460 751488 
509144 20008 45036 335480 0 265584 164388 0 0 20 0 49472 47776 51036 44224 6812 1412 0 0 0 254572 658592 768988 17460 751488 
509144 23928 45036 331660 0 261616 164392 0 0 596 0 49328 47732 51084 44224 6860 1412 0 0 0 254572 658300 768988 17460 751488 
509144 24860 45036 333264 0 260640 164396 0 0 1020 0 46752 47500 51020 44224 6796 1412 0 0 0 254572 655444 768988 17460 751488 
509144 23160 45036 334504 0 262332 164400 0 0 656 0 47208 47728 51144 44224 6920 1412 0 0 0 254572 656244 768988 17460 751488 
509144 24480 45036 331052 0 261084 164404 0 0 2160 0 49416 47776 51028 44224 6804 1412 0 0 0 254572 658592 768988 17460 751488 
509144 21116 45036 334508 0 264488 164404 0 0 604 0 49364 47732 51032 44220 6812 1412 0 0 0 254572 658300 768988 17460 751488 
509144 25332 45036 332868 0 260248 164392 0 0 996 0 46752 47500 51040 44220 6820 1412 0 0 0 254572 655444 768988 17460 751488 
509144 22624 45036 329064 0 262968 164396 0 0 24 0 53280 47808 51144 44220 6924 1448 0 0 0 254572 663824 768988 17460 751488 
509144 17588 45036 337916 0 267948 164400 0 0 1840 0 49412 47732 51092 44220 6872 1412 0 0 0 254572 658300 768988 17460 751488 
509144 22904 45036 334700 0 261232 165948 0 0 2576 0 47460 47728 51232 44220 7012 1412 0 0 0 254572 656500 768988 17460 751488 
509144 25216 45040 332960 0 260332 164408 0 0 4 0 46756 47500 51032 44220 6812 1412 0 0 0 254572 655444 768988 17460 751488 
509144 17776 45040 337732 0 267844 164416 0 0 760 0 49504 47776 51024 44220 6804 1412 0 0 0 254572 658592 768988 17460 751488 
509144 21960 45040 333492 0 263560 164412 0 0 692 0 49456 47776 51068 44220 6848 1412 0 0 0 254572 658592 768988 17460 751488 
509144 24720 45040 333444 0 260808 164416 0 0 188 0 46756 47500 51024 44220 6804 1412 0 0 0 254572 655444 768988 17460 751488 
509144 19404 45040 336076 0 266168 164416 0 0 1884 0 49484 47776 51012 44220 6792 1412 0 0 0 254572 658592 768988 17460 751488 
509144 21696 45040 333912 0 263872 164424 0 0 348 0 49360 47732 51080 44220 6860 1412 0 0 0 254572 658300 768988 17460 751488 
509144 23388 45040 334720 0 262068 164432 0 0 4 140 46756 47500 51008 44220 6788 1412 0 0 0 254572 655444 768988 17460 751488 
509144 12932 45068 336964 0 272600 164532 0 0 844 0 55116 47836 51028 44212 6816 1452 0 0 0 254572 665148 768988 17460 751488 
509144 23116 45068 334932 0 262308 164432 0 0 12 0 46756 47500 51012 44212 6800 1412 0 0 0 254572 655444 768988 17460 751488 
509144 17132 45068 338400 0 268440 164432 0 0 3704 0 49420 47732 51040 44212 6828 1412 0 0 0 254572 658300 768988 17460 751488 
509144 14916 45068 340512 0 270676 164436 0 0 8 0 49548 47776 51028 44212 6816 1412 0 0 0 254572 658848 768988 17460 751488 
509144 18652 45068 336800 0 266908 164440 0 0 172 0 49496 47776 51016 44212 6804 1412 0 0 0 254572 658592 768988 17460 751488 
509144 13048 45068 342520 0 272604 164444 0 0 5104 0 49476 47732 51036 44212 6824 1412 0 0 0 254572 658556 768988 17460 751488 
509144 17016 45072 338524 0 268552 164452 0 0 968 0 49424 47732 51048 44212 6836 1412 0 0 0 254572 658300 768988 17460 751488 
509144 21116 45072 336944 0 264312 164448 0 0 2024 0 46760 47500 51036 44216 6820 1412 0 0 0 254572 655444 768988 17460 751488 
509144 15536 45072 342528 0 269892 164452 0 0 1168 0 46760 47500 51040 44216 6824 1412 0 0 0 254572 655444 768988 17460 751488 
509144 17736 45072 338188 0 267788 164456 0 0 1284 0 49000 47728 51196 44216 6980 1412 0 0 0 254572 657908 768988 17460 751488 
509144 20992 45072 337064 0 263040 165840 0 0 1872 0 46760 47500 51032 44216 6816 1412 0 0 0 254572 655444 768988 17460 751488 
509144 17032 45072 341160 0 268512 164464 0 0 924 0 46760 47500 51016 44216 6800 1412 0 0 0 254572 655444 768988 17460 751488 
509144 20628 45096 337504 0 264048 165300 0 0 1764 0 46764 47500 51012 44212 6800 1412 0 0 0 254572 655444 768988 17460 751488 
509144 21116 45096 337068 0 264444 164468 0 0 1480 0 46764 47500 51040 44212 6828 1412 0 0 0 254572 655444 768988 17460 751488 
509144 17908 45096 340148 0 267520 164472 0 0 388 0 46764 47500 51012 44212 6800 1412 0 0 0 254572 655444 768988 17460 751488 
509144 17784 45096 337660 0 267776 164476 0 0 12 0 49512 47776 51020 44212 6808 1412 0 0 0 254572 658592 768988 17460 751488 
509144 20496 45096 337660 0 265032 164476 0 0 1304 0 46768 47500 51028 44212 6816 1412 0 0 0 254572 655444 768988 17460 751488 
509144 15420 45096 340008 0 269668 164968 0 0 1340 0 49548 47776 51020 44212 6808 1412 0 0 0 254572 658848 768988 17460 751488 
509144 19976 45096 336724 0 265508 164484 0 0 24 0 48188 47728 51176 44212 6964 1416 0 0 0 254572 657012 768988 17460 751488 
509144 16248 45096 339216 0 269240 164488 0 0 3168 0 49432 47728 51072 44212 6860 1412 0 0 0 254572 658164 768988 17460 751488 
509144 15412 45096 339944 0 270072 164492 0 0 448 0 49540 47776 51028 44212 6816 1412 0 0 0 254572 658592 768988 17460 751488 
509144 21892 45096 336208 0 263564 164492 0 0 292 0 46768 47500 50996 44212 6784 1412 0 0 0 254572 655444 768988 17460 751488 
509144 16820 45096 340748 0 268572 164496 0 0 5440 0 47240 47728 51236 44212 7024 1412 0 0 0 254572 656244 768988 17460 751488 
509144 16264 45096 339296 0 269264 164500 0 0 300 0 49388 47728 51044 44212 6832 1412 0 0 0 254572 658164 768988 17460 751488 
509144 21348 45096 335624 0 264100 164504 0 0 2888 0 47900 47728 51092 44216 6876 1412 0 0 0 254572 656756 768988 17460 751488 
509144 14528 45096 340988 0 271020 164512 0 0 1456 0 49464 47732 51052 44216 6836 1412 0 0 0 254572 658556 768988 17460 751488 
509144 16364 45096 339152 0 269160 164512 0 0 768 0 49440 47732 51076 44216 6860 1412 0 0 0 254572 658300 768988 17460 751488 
509144 21356 45096 336812 0 263788 164872 0 0 1204 0 46768 47500 51032 44212 6820 1412 0 0 0 254572 655444 768988 17460 751488 
509144 11932 45096 343400 0 273552 164516 0 0 784 0 49588 47776 51100 44268 6832 1412 0 0 0 254572 658848 768988 17460 751488 
509144 15916 45096 339456 0 269556 164524 0 0 416 0 49544 47776 51088 44268 6820 1412 0 0 0 254572 658592 768988 17460 751488 
509144 17636 45096 337900 0 267828 164528 0 0 724 0 49376 47728 51108 44268 6840 1412 0 0 0 254572 658164 768988 17460 751488 
509144 12816 45096 342604 0 272644 164528 0 0 92 0 49488 47732 51096 44268 6828 1412 0 0 0 254572 658556 768988 17460 751488 
509144 17016 45096 338456 0 268440 164532 0 0 1620 0 49436 47732 51100 44268 6832 1412 0 0 0 254572 658300 768988 17460 751488 
509144 16348 45096 339496 0 269060 164532 0 0 1344 0 49016 47728 51212 44272 6940 1412 0 0 0 254572 657908 768988 17460 751488 
509144 13576 45096 341712 0 271824 164540 0 0 736 0 49572 47776 51080 44272 6808 1412 0 0 0 254572 658848 768988 17460 751488 
509144 17668 45096 337780 0 267840 164540 0 0 4 0 49520 47776 51072 44272 6800 1412 0 0 0 254572 658592 768988 17460 751488 
509144 16512 45096 339264 0 268424 164544 0 0 1736 1656 48624 47728 51732 44268 7464 1412 0 0 0 254572 657652 768988 17460 751488 
509144 14520 45096 340844 0 270232 165160 0 0 1508 0 49468 47732 51116 44268 6848 1412 0 0 0 254572 658556 768988 17460 751488 
509144 14940 45096 340432 0 270524 164548 0 0 904 0 49560 47776 51076 44272 6804 1412 0 0 0 254572 658848 768988 17460 751488 
509144 17172 45120 340852 0 268172 164556 0 0 4712 0 46772 47500 51068 44268 6800 1412 0 0 0 254572 655444 768988 17460 751488 
509144 15768 45120 340852 0 269652 164556 0 0 4 0 48252 47728 51188 44268 6920 1412 0 0 0 254572 657268 768988 17460 751488 
509144 18264 45120 337132 0 267188 164560 0 0 516 0 49512 47776 51100 44268 6832 1412 0 0 0 254572 658592 768988 17460 751488 
509144 7380 45120 340060 0 277908 164564 0 0 1332 0 57308 47808 51192 44268 6924 1448 0 0 0 254572 668196 768988 17460 751488 
509144 15752 45120 339932 0 269628 164564 0 0 784 0 49156 47728 51132 44268 6864 1412 0 0 0 254572 658164 768988 17460 751488 
509144 18008 45120 337316 0 267364 164572 0 0 1804 0 49516 47776 51120 44268 6852 1412 0 0 0 254572 658592 768988 17460 751488 
509144 14132 45120 341572 0 271264 164572 0 0 88 0 49160 47728 51276 44268 7008 1412 0 0 0 254572 658164 768988 17460 751488 
509144 18852 45120 338600 0 266548 164576 0 0 892 0 47420 47728 51260 44268 6992 1412 0 0 0 254572 656500 768988 17460 751488 
509144 21488 45120 336508 0 263812 164576 0 0 4 0 46776 47500 51092 44268 6824 1412 0 0 0 254572 655444 768988 17460 751488 
509144 14544 45120 343464 0 270764 164580 0 0 2004 0 46776 47500 51100 44276 6824 1412 0 0 0 254572 655444 768988 17460 751488 
509144 9504 45120 340072 0 275732 164588 0 0 376 0 55144 47808 51184 44276 6908 1448 0 0 0 254572 665484 768988 17460 751488 
509144 15380 45120 340016 0 269984 164588 0 0 56 444 49452 47732 51152 44272 6880 1412 0 0 0 254572 658300 768988 17460 751488 
509144 12560 45120 342712 0 272812 164592 0 0 864 0 49588 47776 51120 44272 6848 1412 0 0 0 254572 658848 768988 17460 751488 
509144 16464 45120 338888 0 268844 164592 0 0 672 0 49444 47732 51168 44272 6896 1412 0 0 0 254572 658300 768988 17460 751488 
509144 17992 45120 338768 0 267320 164596 0 0 1276 0 48044 47728 51216 44272 6944 1412 0 0 0 254572 657012 768988 17460 751488 
509144 10428 45120 342760 0 274860 164600 0 0 8 0 51596 47808 51148 44272 6876 1448 0 0 0 254572 662416 768988 17460 751488 
509144 15784 45120 339484 0 269536 164604 0 0 1332 0 49552 47776 51104 44272 6832 1412 0 0 0 254572 658592 768988 17460 751488 
509144 15644 45120 340288 0 269628 164608 0 0 3144 0 48844 47728 51192 44272 6920 1412 0 0 0 254572 657908 768988 17460 751488 
509144 14032 45120 341708 0 271268 164612 0 0 500 0 49068 47728 51244 44272 6972 1412 0 0 0 254572 657908 768988 17460 751488 
509144 16852 45120 338600 0 268532 164616 0 0 2452 0 49444 47732 51160 44272 6888 1412 0 0 0 254572 658300 768988 17460 751488 
509144 16100 45120 339292 0 269224 164624 0 0 1532 0 49452 47732 51172 44276 6896 1412 0 0 0 254572 658300 768988 17460 751488 
509144 15868 45120 340872 0 269412 164628 0 0 872 0 48064 47728 51220 44272 6948 1412 0 0 0 254572 657012 768988 17460 751488 
509144 13032 45120 337804 0 272412 164632 0 0 16 0 54136 47808 51184 44272 6912 1448 0 0 0 254572 664504 768988 17460 751488 
509144 15544 45120 340168 0 269648 164632 0 0 1000 0 49008 47740 51108 44276 6832 1412 0 0 0 254572 658036 768988 17460 751488 
509144 15792 45144 339536 0 269580 164636 0 0 360 0 49552 47776 51100 44276 6824 1412 0 0 0 254572 658592 768988 17460 751488 
509144 19900 45144 338076 0 265344 164640 0 0 320 0 46780 47500 51084 44272 6812 1412 0 0 0 254572 655444 768988 17460 751488 
509144 13388 45144 341928 0 271904 164644 0 0 1964 0 49492 47732 51144 44272 6872 1412 0 0 0 254572 658556 768988 17460 751488 
509144 8892 45144 339356 0 276444 164644 0 0 244 0 56604 47808 51192 44272 6920 1448 0 0 0 254572 666940 768988 17460 751488 
509144 18984 45144 336424 0 266268 164648 0 0 24 0 49364 47728 51128 44272 6856 1412 0 0 0 254572 658164 768988 17460 751488 
509144 15388 45144 341216 0 269340 165236 0 0 1488 0 48232 47728 51132 44272 6860 1412 0 0 0 254572 657012 768988 17460 751488 
509144 17092 45144 338384 0 268124 164656 0 0 496 0 49268 47728 51280 44272 7008 1412 0 0 0 254572 658164 768988 17460 751488 
509144 20092 45144 336800 0 265184 164660 0 0 2372 0 47916 47728 51372 44272 7100 1412 0 0 0 254572 656756 768988 17460 751488 
509144 13288 45144 341944 0 272000 164660 0 0 528 0 49588 47776 51124 44272 6852 1412 0 0 0 254572 658848 768988 17460 751488 
509144 19784 45144 338140 0 265388 164664 0 0 1356 0 46784 47500 51068 44272 6796 1412 0 0 0 254572 655444 768988 17460 751488 
509144 10900 45144 338996 0 274216 164668 0 0 4 0 54760 47816 51220 44272 6948 1448 0 0 0 254572 664496 768988 17460 751488 
509144 14132 45148 341192 0 271128 164676 0 0 80 0 49480 47732 51148 44272 6876 1416 0 0 0 254572 658556 768988 17460 751488 
509144 19032 45148 338876 0 266116 164676 0 0 468 0 46784 47500 51084 44276 6808 1412 0 0 0 254572 655444 768988 17460 751488 
509144 18264 45148 339596 0 266840 164676 0 0 1204 0 46788 47500 51100 44272 6828 1412 0 0 0 254572 655444 768988 17460 751488 
509144 15636 45148 339636 0 269648 164680 0 0 928 0 49560 47776 51124 44272 6852 1412 0 0 0 254572 658592 768988 17460 751488 
509144 19000 45148 336428 0 266300 164680 0 0 4 364 49420 47732 51128 44272 6856 1412 0 0 0 254572 658300 768988 17460 751488 
509144 16520 45148 338844 0 268740 164688 0 0 1196 0 49452 47732 51116 44276 6840 1412 0 0 0 254572 658300 768988 17460 751488 
509144 9808 45148 341052 0 275464 164692 0 0 1064 0 53972 47808 51216 44272 6944 1448 0 0 0 254572 664512 768988 17460 751488 
509144 17636 45148 339944 0 267524 164692 0 0 156 0 47140 47728 51312 44272 7040 1412 0 0 0 254572 655972 768988 17460 751488 
509144 15304 45148 342656 0 269880 164696 0 0 3268 0 46788 47500 51104 44276 6828 1412 0 0 0 254572 655444 768988 17460 751488 
509144 16652 45148 338656 0 268640 164696 0 0 1036 0 49548 47776 51112 44276 6836 1412 0 0 0 254572 658592 768988 17460 751488 
509144 20512 45148 337424 0 264640 164704 0 0 912 0 46788 47500 51092 44276 6816 1412 0 0 0 254572 655444 768988 17460 751488 
509144 16868 45148 341064 0 268280 164704 0 0 624 0 46788 47500 51136 44272 6864 1412 0 0 0 254572 655444 768988 17460 751488 
509144 16828 45148 338492 0 268364 164708 0 0 932 268 49448 47732 51192 44272 6920 1412 0 0 0 254572 658300 768988 17460 751488 
509144 20768 45148 337168 0 264380 164712 0 0 3108 0 46792 47500 51084 44276 6808 1412 0 0 0 254572 655444 768988 17460 751488 
509144 13008 45152 343600 0 272160 164712 0 0 1032 0 48136 47728 51208 44284 6924 1412 0 0 0 254572 657012 768988 17460 751488 
509144 15552 45152 339760 0 269740 164720 0 0 1036 0 49564 47776 51108 44280 6828 1412 0 0 0 254572 658592 768988 17460 751488 
509144 18552 45176 339476 0 264316 167112 0 0 3472 0 46792 47500 51072 44280 6792 1412 0 0 0 254572 655444 768988 17460 751488 
509144 12388 45176 342860 0 272748 164728 0 0 12 0 49456 47728 51164 44284 6880 1412 0 0 0 254572 658420 768988 17460 751488 
509144 18520 45176 339312 0 266532 164732 0 0 916 0 46792 47500 51120 44284 6836 1412 0 0 0 254572 655444 768988 17460 751488 
509144 20008 45176 337824 0 265044 164732 0 0 932 0 46792 47500 51120 44288 6832 1412 0 0 0 254572 655444 768988 17460 751488 
509144 13180 45176 342028 0 272044 164740 0 0 668 0 49596 47776 51128 44284 6844 1412 0 0 0 254572 658848 768988 17460 751488 
509144 16620 45176 338972 0 268644 164740 0 0 12 0 49252 47728 51160 44284 6876 1412 0 0 0 254572 658164 768988 17460 751488 
509144 17856 45176 339780 0 266988 164744 0 0 772 720 46792 47500 51296 44284 7012 1412 0 0 0 254572 655444 768988 17460 751488 
509144 17396 45176 340432 0 267640 164744 0 0 876 0 46792 47500 51124 44284 6840 1412 0 0 0 254572 655444 768988 17460 751488 
509144 20016 45176 337812 0 265020 164748 0 0 20 0 46796 47500 51112 44284 6828 1412 0 0 0 254572 655444 768988 17460 751488 
509144 15504 45200 339732 0 269632 164756 0 0 6132 0 49472 47732 51164 44284 6880 1412 0 0 0 254572 658300 768988 17460 751488 
509144 13768 45200 341412 0 271332 164760 0 0 104 0 49496 47732 51164 44284 6880 1412 0 0 0 254572 658556 768988 17460 751488 
509144 16412 45200 338764 0 268740 164764 0 0 788 0 49556 47776 51124 44284 6840 1412 0 0 0 254572 658592 768988 17460 751488 
509144 11084 45200 340696 0 272320 166480 0 0 2644 340 52920 47844 51288 44284 7004 1452 0 0 0 254572 663340 768988 17460 751488 
509144 14668 45200 340456 0 270452 164768 0 0 8 0 49580 47776 51128 44284 6844 1412 0 0 0 254572 658848 768988 17460 751488 
509144 18636 45200 336644 0 266580 164776 0 0 948 0 49528 47776 51136 44284 6852 1412 0 0 0 254572 658592 768988 17460 751488 
509144 16092 45200 339664 0 269008 164776 0 0 860 0 48936 47728 51200 44284 6916 1412 0 0 0 254572 657908 768988 17460 751488 
509144 15884 45200 339372 0 269244 164780 0 0 880 0 49468 47732 51148 44284 6864 1412 0 0 0 254572 658300 768988 17460 751488 
509144 19108 45200 336140 0 265964 164780 0 0 772 0 49420 47732 51152 44284 6868 1412 0 0 0 254572 658300 768988 17460 751488 
509144 15084 45200 340176 0 269936 164784 0 0 1264 0 49360 47728 51400 44284 7116 1412 0 0 0 254572 658164 768988 17460 751488 
509144 15100 45200 340176 0 269968 164788 0 0 1760 0 49396 47728 51180 44284 6896 1412 0 0 0 254572 658164 768988 17460 751488 
509144 18920 45200 337220 0 266124 164792 0 0 20 0 48512 47728 51388 44284 7104 1412 0 0 0 254572 657268 768988 17460 751488 
509144 14924 45204 342884 0 270068 164800 0 0 5556 0 46796 47500 51120 44284 6836 1412 0 0 0 254572 655444 768988 17460 751488 
509144 19000 45204 338820 0 266004 164800 0 0 1056 0 46796 47500 51132 44284 6848 1412 0 0 0 254572 655444 768988 17460 751488 
509144 20628 45212 337176 0 264356 164812 0 0 4 0 46796 47568 51116 44284 6832 1412 0 0 0 254572 655444 768988 17460 751488 
509144 14504 45404 336828 0 274908 160348 0 0 0 20 53040 49088 51488 44476 7012 1420 0 0 0 254572 661912 768988 17460 751488 
509144 7652 45540 335388 0 283424 158560 0 0 872 0 61072 49176 51448 44504 6944 1456 0 0 0 254572 671692 768988 17460 751488 
509144 10320 45596 332660 0 284492 154700 0 0 116 40 60952 49092 51484 44616 6868 1424 0 0 0 254572 670156 768988 17460 751488 
509144 10608 45756 329092 0 289632 149176 0 0 1136 40 63976 49092 51592 44768 6824 1428 0 0 0 254572 673156 768988 17460 751488 
509144 14180 45812 323872 0 289388 145752 0 0 60 0 65472 49180 51660 44816 6844 1428 0 0 0 254572 674752 768988 17460 751488 
509144 19092 45816 320784 0 284936 145320 0 0 296 0 63672 49132 51852 44820 7032 1428 0 0 0 254572 672660 768988 17460 751488 
509144 17992 45848 321076 0 286096 145224 0 0 1224 0 64412 49132 51740 44824 6916 1428 0 0 0 254572 673172 768988 17460 751488 
509144 13884 45848 324260 0 290364 145108 0 0 1616 0 65380 49136 51700 44824 6876 1428 0 0 0 254572 674460 768988 17460 751488 
509144 15380 45848 322728 0 288900 145016 0 0 24 0 65356 49136 51692 44824 6868 1428 0 0 0 254572 674204 768988 17460 751488 
509144 17296 45848 323500 0 287028 144992 0 0 3836 0 62688 48904 51644 44820 6824 1428 0 0 0 254572 671348 768988 17460 751488 
509144 14800 45848 323032 0 289520 144952 0 0 1432 0 65608 49216 51652 44820 6832 1464 0 0 0 254572 674916 768988 17460 751488 
509144 20008 45848 320684 0 284284 144920 0 0 80 0 62688 48904 51664 44820 6844 1428 0 0 0 254572 671348 768988 17460 751488 
509144 16024 45872 323808 0 288384 144924 0 0 2712 0 63644 49132 51720 44820 6900 1428 0 0 0 254572 672660 768988 17460 751488 
509144 15428 45872 322652 0 289032 144928 0 0 908 0 65452 49180 51636 44808 6828 1428 0 0 0 254572 674496 768988 17460 751488 
509144 16520 45872 321624 0 287896 144924 0 0 596 0 65340 49136 51668 44808 6860 1428 0 0 0 254572 674204 768988 17460 751488 
509144 13700 45904 323964 0 290812 144928 0 0 528 0 65888 49212 51624 44808 6816 1464 0 0 0 254572 676896 768988 17460 751488 
509144 15280 45904 322780 0 289188 144932 0 0 1108 0 65452 49180 51664 44808 6856 1428 0 0 0 254572 674496 768988 17460 751488 
509144 21636 45904 319040 0 282640 144976 0 0 1436 0 62688 48904 51624 44808 6816 1428 0 0 0 254572 671348 768988 17460 751488 
509144 16752 45904 323468 0 287804 144932 0 0 1040 0 63380 49132 51836 44808 7028 1428 0 0 0 254572 672148 768988 17460 751488 
509144 17188 45908 323472 0 287120 144932 0 0 480 0 62688 48904 51716 44908 6808 1432 0 0 0 254572 671348 768988 17460 751488 
509144 15604 45908 321488 0 288640 144932 0 0 376 0 66192 49220 51916 44908 7008 1464 0 0 0 254572 677024 768988 17460 751488 
509144 11852 45912 326680 0 292384 144936 0 0 2580 0 64744 49132 51968 44908 7060 1428 0 0 0 254572 673812 768988 17460 751488 
509144 15084 45912 324204 0 289112 144940 0 0 1640 0 63952 49132 51940 44908 7032 1428 0 0 0 254572 672916 768988 17460 751488 
509144 18388 45912 322240 0 285880 144944 0 0 472 0 62688 48904 51760 44912 6848 1428 0 0 0 254572 671348 768988 17460 751488 
509144 12048 45940 325888 0 292264 144944 0 0 3132 0 65396 49136 51776 44908 6868 1428 0 0 0 254572 674460 768988 17460 751488 
509144 15552 45944 325024 0 288692 144948 0 0 180 0 62688 48904 51752 44908 6844 1428 0 0 0 254572 671348 768988 17460 751488 
509144 18256 45944 322288 0 285956 144952 0 0 1204 0 62692 48904 51772 44912 6860 1428 0 0 0 254572 671348 768988 17460 751488 
509144 8520 45952 324232 0 295764 144956 0 0 572 0 70552 49212 51860 44908 6952 1464 0 0 0 254572 681056 768988 17460 751488 
509144 15668 45952 324872 0 288540 144960 0 0 1000 0 62692 48904 51748 44912 6836 1428 0 0 0 254572 671348 768988 17460 751488 
509144 15744 45952 322728 0 288520 144960 0 0 412 0 64816 49132 51804 44912 6892 1428 0 0 0 254572 673812 768988 17460 751488 
509144 16360 45952 323996 0 287660 144964 0 0 980 916 62692 48904 51936 44908 7028 1428 0 0 0 254572 671348 768988 17460 751488 
509144 13180 45952 324568 0 292368 143752 0 0 40 0 65616 49200 51744 44908 6836 1448 0 0 0 254572 675108 768988 17460 751488 
509144 16148 45952 321692 0 289368 143720 0 0 988 0 65460 49180 51780 44908 6872 1428 0 0 0 254572 674496 768988 17460 751488 
509144 15916 45976 324572 0 288588 144636 0 0 6256 392 62692 48904 51756 44908 6848 1428 0 0 0 254572 671348 768988 17460 751488 
509144 13444 45976 324404 0 292156 143700 0 0 1192 308 65492 49180 51748 44908 6840 1428 0 0 0 254572 674752 768988 17460 751488 
509144 18588 45980 321652 0 286892 143708 0 0 740 0 62984 49132 51908 44908 7000 1428 0 0 0 254572 671876 768988 17460 751488 
509144 15676 45980 324832 0 289780 143708 0 0 952 0 62692 48904 51744 44908 6836 1428 0 0 0 254572 671348 768988 17460 751488 
509144 16156 45980 322876 0 289428 143712 0 0 872 0 64300 49132 51768 44908 6860 1428 0 0 0 254572 673172 768988 17460 751488 
509144 20644 45980 319824 0 284940 143712 0 0 4 0 62864 49132 51760 44908 6852 1428 0 0 0 254572 671876 768988 17460 751488 
509144 14264 45980 324508 0 290804 143716 0 0 1564 2064 64048 49132 52468 44908 7560 1428 0 0 0 254572 672916 768988 17460 751488 
509144 16720 45980 321600 0 290076 142468 0 0 812 0 64980 49132 51880 44916 6964 1428 0 0 0 254572 673812 768988 17460 751488 
509144 18736 45980 319228 0 288064 142472 0 0 0 0 65344 49136 51804 44916 6888 1428 0 0 0 254572 674204 768988 17460 751488 
509144 15420 46008 324996 0 291212 142468 0 0 4852 0 62692 48904 51756 44920 6836 1428 0 0 0 254572 671348 768988 17460 751488 
509144 19404 46008 321060 0 287284 142460 0 0 720 0 62692 48904 51744 44920 6824 1428 0 0 0 254572 671348 768988 17460 751488 
509144 19032 46008 318888 0 287856 142460 0 0 800 0 65436 49180 51748 44920 6828 1428 0 0 0 254572 674496 768988 17460 751488 
509144 7156 46008 323464 0 299696 142456 0 0 696 0 72696 49212 51836 44920 6916 1464 0 0 0 254572 683588 768988 17460 751488 
509144 16420 46008 321384 0 290376 142464 0 0 188 0 65464 49180 51756 44920 6836 1428 0 0 0 254572 674496 768988 17460 751488 
509144 20804 46008 318520 0 285896 142468 0 0 2024 0 63852 49132 51864 44920 6944 1428 0 0 0 254572 672660 768988 17460 751488 
509144 13908 46040 325016 0 292912 142468 0 0 1260 0 64340 49132 51960 44924 7036 1428 0 0 0 254572 673172 768988 17460 751488 
509144 16388 46040 321356 0 290372 142472 0 0 1364 0 65464 49180 51792 44924 6868 1428 0 0 0 254572 674496 768988 17460 751488 
509144 18512 46040 320872 0 288232 142476 0 0 5200 0 63812 49132 51852 44924 6928 1428 0 0 0 254572 672660 768988 17460 751488 
509144 16188 46040 324228 0 290464 142480 0 0 244 0 62692 48904 51748 44924 6824 1428 0 0 0 254572 671348 768988 17460 751488 
509144 17660 46040 320144 0 289140 142484 0 0 1188 0 65456 49180 51756 44924 6832 1428 0 0 0 254572 674496 768988 17460 751488 
509144 20548 46040 319240 0 286116 142484 0 0 380 0 63336 49132 51980 44924 7056 1428 0 0 0 254572 672148 768988 17460 751488 
509144 14272 46040 323436 0 292468 142488 0 0 1076 0 65496 49180 51808 44924 6884 1428 0 0 0 254572 674752 768988 17460 751488 
509144 19528 46040 320964 0 287192 142488 0 0 564 0 62692 48904 51748 44924 6824 1428 0 0 0 254572 671348 768988 17460 751488 
509144 16372 46040 321436 0 290284 142496 0 0 2552 932 65320 49132 52080 44924 7156 1428 0 0 0 254572 674324 768988 17460 751488 
509144 9544 46064 322756 0 297240 142496 0 0 8 0 70932 49248 51812 44924 6888 1464 0 0 0 254572 682128 768988 17460 751488 
509144 19396 46064 321012 0 287252 142500 0 0 368 0 62692 48904 51752 44924 6828 1428 0 0 0 254572 671348 768988 17460 751488 
509144 15628 46064 322176 0 291104 142504 0 0 3852 0 65384 49136 51820 44924 6896 1428 0 0 0 254572 674460 768988 17460 751488 
509144 15304 46072 322416 0 291448 142508 0 0 1028 0 65484 49180 51756 44924 6832 1428 0 0 0 254572 674752 768988 17460 751488 
509144 21116 46072 319236 0 285472 142512 0 0 1472 0 62692 48904 51772 44924 6848 1428 0 0 0 254572 671348 768988 17460 751488 
509144 10868 46072 321188 0 293172 145220 0 0 4556 0 71148 49248 51852 44924 6928 1468 0 0 0 254572 681572 768988 17460 751488 
509144 16960 46072 321064 0 289732 142516 0 0 1712 0 65128 49132 51984 44924 7060 1428 0 0 0 254572 674068 768988 17460 751488 
509144 12156 46072 319636 0 294352 142516 0 0 1004 0 71176 49248 51804 44924 6880 1464 0 0 0 254572 681216 768988 17460 751488 
509144 17604 46072 322672 0 289084 142524 0 0 1700 0 62880 49132 51884 44924 6960 1428 0 0 0 254572 671876 768988 17460 751488 
509144 16388 46092 321424 0 288836 144128 0 0 3252 0 65464 49180 51792 44924 6868 1428 0 0 0 254572 674496 768988 17460 751488 
509144 20892 46092 319448 0 285688 142528 0 0 228 0 62692 48904 51748 44924 6824 1428 0 0 0 254572 671348 768988 17460 751488 
509144 15172 46092 322680 0 291616 142532 0 0 1976 0 65392 49136 51764 44924 6840 1428 0 0 0 254572 674460 768988 17460 751488 
509144 17668 46092 322776 0 289008 142536 0 0 1360 0 62692 48904 51756 44924 6832 1428 0 0 0 254572 671348 768988 17460 751488 
509144 19024 46092 321320 0 287548 142540 0 0 896 0 62692 48904 51764 44924 6840 1428 0 0 0 254572 671348 768988 17460 751488 
509144 13528 46092 325092 0 292224 143544 0 0 3172 0 64600 49132 51892 45008 6884 1428 0 0 0 254572 673556 768988 17460 751488 
509144 79192 46176 258452 0 192932 177176 0 0 20748 0 65496 49172 51760 44816 6944 1428 0 0 0 254572 674752 768988 17460 751488 
509144 33220 46176 304288 0 270968 144628 0 0 6892 0 65148 49136 52320 45416 6904 1428 0 0 0 254572 674204 768988 17460 751488 
509144 25696 46176 311604 0 280196 142616 0 0 4 0 65048 49132 52588 45644 6944 1428 0 0 0 254572 674068 768988 17460 751488 
509144 27960 46176 311608 0 277840 142620 0 0 8 0 62692 48904 52472 45644 6828 1428 0 0 0 254572 671348 768988 17460 751488 
509144 83444 46176 254396 0 182816 182860 0 0 5820 0 65120 49172 51856 44816 7040 1428 0 0 0 254572 674240 768988 17460 751488 
509144 85976 46176 254400 0 220628 142624 0 0 20 0 62692 48904 51668 44816 6852 1428 0 0 0 254572 671348 768988 17460 751488 
509144 84284 46176 254408 0 222372 142632 0 0 24 0 64436 49132 51752 44816 6936 1428 0 0 0 254572 673172 768988 17460 751488 
509144 85984 46176 254408 0 220628 142632 0 0 8 0 62692 48904 51660 44816 6844 1428 0 0 0 254572 671348 768988 17460 751488 
509144 16728 46176 320720 0 289608 142636 0 0 14308 0 65364 49136 52232 45320 6912 1428 0 0 0 254572 674204 768988 17460 751488 
509144 6020 38072 329180 0 332708 104532 0 0 184 0 70004 49248 57712 50456 7256 1464 0 0 0 254572 680692 768988 17460 751488 
509144 15660 15152 342628 0 370824 49656 0 0 9156 220 62716 49072 64968 56996 7972 1428 0 0 0 254572 671352 768988 17460 751488 
509144 12024 5296 347276 0 345772 73560 0 0 9188 448 66776 49180 69616 61116 8500 1432 0 0 0 254572 675936 768988 17460 751488 
509144 4004 7332 340600 0 303940 120720 0 0 12228 1252 76744 49264 72588 63760 8828 1480 0 0 0 254572 687500 768988 17460 751488 
509144 4336 8444 339496 0 239344 184440 0 0 1172 0 75860 49248 73184 64504 8680 1476 0 0 0 254572 687068 768988 17460 751488 
509144 17200 6068 328684 0 229628 181544 0 0 5560 0 76436 49256 72852 64132 8720 1480 0 0 0 254572 687448 768988 17460 751488 
509144 18148 7888 325136 0 199912 209848 0 0 4832 0 76752 49264 73424 64852 8572 1480 0 0 0 254572 687448 768988 17460 751488 
509144 11860 9608 329464 0 196140 219732 0 0 2084 928 76816 49256 73564 65044 8520 1480 0 0 0 254572 687448 768988 17460 751488 
509144 4600 10720 335084 0 209756 214500 0 0 5460 64 78468 49328 72192 63776 8416 1500 0 0 0 254572 689920 768988 17460 751488 
509144 4344 11480 332152 0 204288 216736 0 0 1328 0 77408 49240 75928 67548 8380 1476 0 0 0 254572 688612 768988 17460 751488 
509144 16660 11024 322228 0 183680 227040 0 0 2976 0 77484 49256 73936 65620 8316 1480 0 0 0 254572 688224 768988 17460 751488 
509144 4988 11160 333376 0 192492 233000 0 0 3792 0 80972 49212 70804 62488 8316 1476 0 0 0 254572 691792 768988 17460 751488 
509144 19432 11964 317936 0 171544 236840 0 0 9556 0 78500 49256 73408 65100 8308 1480 0 0 0 254572 689428 768988 17460 751488 
509144 11576 12520 329300 0 172408 241324 0 0 4 0 71928 49248 75952 67720 8232 1468 0 0 0 254572 682424 768988 17460 751488 
509144 23852 11556 313952 0 178616 225100 0 0 4544 0 78224 49256 73696 65552 8144 1480 0 0 0 254572 689000 768988 17460 751488 
509144 4616 11860 332408 0 174688 247996 0 0 744 0 78432 49212 74008 65860 8148 1476 0 0 0 254572 689244 768988 17460 751488 
509144 16116 10128 333820 0 149296 262516 0 0 7952 0 67880 49180 73148 64972 8176 1432 0 0 0 254572 676960 768988 17460 751488 
509144 10736 11596 326168 0 163568 252648 0 0 10036 772 78468 49256 74252 66036 8216 1480 0 0 0 254572 689000 768988 17460 751488 
509144 4384 11828 340228 0 144464 284712 0 0 3852 0 77136 49248 67388 59320 8068 1476 0 0 0 254572 688192 768988 17460 751488 
509144 3632 12684 328516 0 153128 271964 0 0 4 0 83908 49248 72584 64524 8060 1480 0 0 0 254572 695068 768988 17460 751488 
509144 9320 11448 334148 0 142516 279984 0 0 1896 0 76920 49192 69448 61388 8060 1484 0 0 0 254572 687824 768988 17460 751488 
509144 9652 11204 329464 0 147508 272612 0 0 8264 0 79468 49256 71564 63460 8104 1480 0 0 0 254572 690328 768988 17460 751488 
509144 22348 12808 313732 0 149256 256808 0 0 5184 0 79540 49256 72836 64788 8048 1480 0 0 0 254572 690328 768988 17460 751488 
509144 19372 12352 319368 0 145276 265356 0 0 11564 0 78928 49256 71304 63292 8012 1480 0 0 0 254572 689644 768988 17460 751488 
509144 10848 13120 331716 0 142912 274368 0 0 108 0 72460 49248 73100 65152 7948 1468 0 0 0 254572 683420 768988 17460 751488 
509144 7284 13728 323612 0 150224 266376 0 0 8140 840 79276 49256 77428 69292 8136 1480 0 0 0 254572 689776 768988 17460 751488 
509144 17048 12068 330008 0 138296 272816 0 0 4040 0 69052 49248 73084 65184 7900 1468 0 0 0 254572 679652 768988 17460 751488 
509144 14100 13164 320668 0 150152 263532 0 0 11540 0 79868 49264 73580 65576 8004 1480 0 0 0 254572 689920 768988 17460 751488 
509144 15544 12368 331640 0 136304 275788 0 0 9400 0 68100 49180 73416 65636 7780 1432 0 0 0 254572 677216 768988 17460 751488 
509144 6180 13300 326728 0 149480 269884 0 0 6632 0 79352 49256 75752 67980 7772 1480 0 0 0 254572 689776 768988 17460 751488 
509144 3636 13248 326160 0 145824 274996 0 0 5396 1096 81428 49212 76516 68700 7816 1476 0 0 0 254572 692084 768988 17460 751488 
509144 19668 11580 327900 0 127240 281060 0 0 16 0 68836 49248 73080 65460 7620 1468 0 0 0 254572 679652 768988 17460 751488 
509144 8616 12488 326852 0 141496 277316 0 0 8580 0 79488 49256 73812 66220 7592 1480 0 0 0 254572 689776 768988 17460 751488 
509144 32532 11996 305136 0 141236 256232 0 0 13872 0 80352 49264 71208 63660 7548 1480 0 0 0 254572 690604 768988 17460 751488 
509144 10924 12916 323120 0 144624 271432 0 0 13540 0 80036 49256 74256 66728 7528 1480 0 0 0 254572 690460 768988 17460 751488 
509144 29200 13556 301152 0 144340 250364 0 0 5028 0 80012 49248 77056 69592 7464 1476 0 0 0 254572 690200 768988 17460 751488 
509144 11840 13136 325328 0 139052 279532 0 0 2924 0 80136 49248 70928 63476 7452 1480 0 0 0 254572 690460 768988 17460 751488 
509144 10460 13836 324516 0 141160 277320 0 0 7812 0 80144 49256 72284 64820 7464 1480 0 0 0 254572 690460 768988 17460 751488 
509144 4056 13380 333816 0 137980 285848 0 0 6584 4268 76648 49240 73188 64888 8300 1476 0 0 0 254572 686884 768988 17460 751488 
509144 19728 12820 315976 0 142436 266752 0 0 15348 1008 80408 49264 72412 64936 7476 1480 0 0 0 254572 690604 768988 17460 751488 
509144 19388 13788 312224 0 144316 261772 0 0 9128 0 80092 49256 75812 68388 7424 1480 0 0 0 254572 690460 768988 17460 751488 
509144 4184 12948 329768 0 140900 278612 0 0 7700 3476 76812 49240 77540 69412 8128 1476 0 0 0 254572 687140 768988 17460 751488 
509144 12196 13248 323552 0 139996 276948 0 0 4712 4 80160 49256 72220 64824 7396 1480 0 0 0 254572 690460 768988 17460 751488 
509144 3632 13252 329996 0 142424 281604 0 0 5084 532 80796 49212 73480 66072 7408 1476 0 0 0 254572 691188 768988 17460 751488 
509144 9848 12108 335636 0 131984 287488 0 0 352 0 71744 49248 72112 64780 7332 1468 0 0 0 254572 682252 768988 17460 751488 
509144 4140 13232 328972 0 144188 277852 0 0 15084 408 79852 49264 75104 67672 7432 1480 0 0 0 254572 689776 768988 17460 751488 
509144 4500 13104 338728 0 131620 290032 0 0 8420 0 69836 49212 74828 67540 7288 1464 0 0 0 254572 680272 768988 17460 751488 
509144 9972 13116 325928 0 140296 278232 0 0 1312 0 79500 49248 72392 65176 7216 1476 0 0 0 254572 689516 768988 17460 751488 
509144 13428 13400 338256 0 126092 288624 0 0 18908 456 63076 49132 72896 65668 7228 1428 0 0 0 254572 671876 768988 17460 751488 
509144 14712 12368 333304 0 130204 283712 0 0 6296 0 68260 49180 72468 65232 7236 1432 0 0 0 254572 677216 768988 17460 751488 
509144 21240 13148 308772 0 147572 258984 0 0 3136 0 84652 49248 73100 65984 7116 1480 0 0 0 254572 695232 768988 17460 751488 
509144 8468 13332 328140 0 139948 277868 0 0 5584 496 76360 49248 75004 67876 7128 1476 0 0 0 254572 686628 768988 17460 751488 
509144 12676 13236 322724 0 140976 274692 0 0 7892 0 79724 49264 72876 65804 7072 1480 0 0 0 254572 690264 768988 17460 751488 
509144 7740 13596 327280 0 144624 275560 0 0 20 0 79324 49248 73364 66316 7048 1476 0 0 0 254572 690008 768988 17460 751488 
509144 5104 12852 327564 0 143764 281164 0 0 6692 500 84528 49212 70840 63764 7076 1480 0 0 0 254572 695100 768988 17460 751488 
509144 12032 13652 321648 0 145776 269968 0 0 9420 0 80460 49264 73500 66424 7076 1480 0 0 0 254572 690604 768988 17460 751488 
509144 28788 13832 302064 0 145332 250668 0 0 6384 0 80120 49248 76156 69132 7024 1476 0 0 0 254572 690200 768988 17460 751488 
509144 3816 13224 334232 0 137436 289120 0 0 15444 1940 79116 49240 71048 63724 7324 1480 0 0 0 254572 689444 768988 17460 751488 
509144 14800 14036 319820 0 141652 272252 0 0 6964 0 80064 49256 72520 65544 6976 1480 0 0 0 254572 690460 768988 17460 751488 
509144 3888 12180 337584 0 140552 286652 0 0 8956 0 77456 49240 70168 63180 6988 1476 0 0 0 254572 687908 768988 17460 751488 
509144 28564 13460 306360 0 143528 256676 0 0 13444 0 80400 49264 72532 65572 6960 1480 0 0 0 254572 690604 768988 17460 751488 
509144 3840 13848 327604 0 146584 274936 0 0 8416 0 80084 49256 76000 68984 7016 1480 0 0 0 254572 690460 768988 17460 751488 
509144 4688 12844 344464 0 130100 295456 0 0 7712 3780 68264 49212 70704 63048 7656 1468 0 0 0 254572 679204 768988 17460 751488 
509144 12724 13392 325660 0 137816 278320 0 0 556 0 77100 49248 72444 65532 6912 1476 0 0 0 254572 688256 768988 17460 751488 
509144 4168 13564 346476 0 129836 293560 0 0 19100 472 63372 49132 73308 66352 6956 1428 0 0 0 254572 672404 768988 17460 751488 
509144 4244 13056 332540 0 142900 282184 0 0 7104 172 79504 49256 71904 64928 6976 1480 0 0 0 254572 689776 768988 17460 751488 
509144 8708 13528 329144 0 142308 276320 0 0 0 0 75972 49248 73892 66932 6960 1476 0 0 0 254572 686792 768988 17460 751488 
509144 4400 12932 345004 0 129520 297388 0 0 7284 540 68988 49212 69788 62848 6940 1468 0 0 0 254572 679520 768988 17460 751488 
509144 19792 13264 326748 0 131300 276940 0 0 1776 0 68244 49180 73012 66096 6916 1432 0 0 0 254572 677216 768988 17460 751488 
509144 3656 13668 347544 0 125068 299468 0 0 14052 484 63340 49132 73092 66144 6948 1428 0 0 0 254572 672404 768988 17460 751488 
509144 22256 12860 309092 0 146136 260356 0 0 5128 0 84556 49248 72040 65160 6880 1480 0 0 0 254572 695232 768988 17460 751488 
509144 16272 13244 318468 0 143608 267504 0 0 11468 0 79416 49256 73824 66916 6908 1480 0 0 0 254572 689776 768988 17460 751488 
509144 11840 13760 326964 0 138576 273748 0 0 936 0 71616 49248 77044 70164 6880 1472 0 0 0 254572 682252 768988 17460 751488 
509144 3996 13104 333100 0 138412 286920 0 0 10220 7940 79144 49240 71932 63528 8404 1480 0 0 0 254572 689636 768988 17460 751488 
509144 15152 13428 328072 0 135176 278228 0 0 3616 1188 71920 49248 72648 65632 7016 1468 0 0 0 254572 682644 768988 17460 751488 
509144 4724 13288 334288 0 139804 284408 0 0 18688 624 76652 49248 72064 65160 6904 1476 0 0 0 254572 686884 768988 17460 751488 
509144 23604 13592 312120 0 142260 263148 0 0 13412 0 79712 49264 72308 65468 6840 1480 0 0 0 254572 690132 768988 17460 751488 
509144 9872 13688 328852 0 141460 275512 0 0 832 0 74448 49248 74384 67576 6808 1468 0 0 0 254572 685336 768988 17460 751488 
509144 3904 12840 329652 0 145584 280272 0 0 11220 620 83380 49212 71416 64556 6860 1488 0 0 0 254572 694132 768988 17460 751488 
509144 15940 13632 326092 0 134228 278692 0 0 4 0 73212 49248 72400 65564 6836 1468 0 0 0 254572 684104 768988 17460 751488 
509144 3732 13732 334192 0 138308 284176 0 0 12016 5244 74576 49240 75004 67100 7904 1476 0 0 0 254572 684708 768988 17460 751488 
509144 15824 12844 329644 0 134628 278504 0 0 3040 0 70660 49248 72320 65488 6832 1468 0 0 0 254572 681376 768988 17460 751488 
509144 13932 13616 319432 0 145636 267476 0 0 15012 0 80080 49256 74216 67356 6860 1480 0 0 0 254572 690460 768988 17460 751488 
509144 3652 13636 332312 0 139144 282888 0 0 7704 1932 76100 49240 75620 68400 7220 1476 0 0 0 254572 686372 768988 17460 751488 
509144 14676 13328 326844 0 135112 279276 0 0 4276 480 74232 49248 72280 65416 6864 1468 0 0 0 254572 685144 768988 17460 751488 
509144 19992 13892 320252 0 137712 270536 0 0 11784 444 74120 49240 73108 66224 6884 1476 0 0 0 254572 684436 768988 17460 751488 
509144 3980 12840 332668 0 141928 283044 0 0 8444 0 79480 49256 72316 65432 6884 1480 0 0 0 254572 689776 768988 17460 751488 
509144 29788 13544 304712 0 144380 253688 0 0 9428 0 79828 49264 73140 66276 6864 1480 0 0 0 254572 689920 768988 17460 751488 
509144 4608 13628 333260 0 139900 281548 0 0 20448 464 74576 49240 75276 68384 6892 1476 0 0 0 254572 684708 768988 17460 751488 
509144 14776 12700 322332 0 140000 274508 0 0 13232 0 79492 49256 72072 65184 6888 1480 0 0 0 254572 689776 768988 17460 751488 
509144 15660 13340 328364 0 134588 277968 0 0 4236 0 70868 49248 73076 66216 6860 1468 0 0 0 254572 681732 768988 17460 751488 
509144 3988 12356 334908 0 141652 283768 0 0 11004 524 78172 49240 72028 65152 6876 1480 0 0 0 254572 688420 768988 17460 751488 
509144 12932 13228 330260 0 136776 279232 0 0 788 0 72536 49248 72384 65528 6856 1468 0 0 0 254572 683420 768988 17460 751488 
509144 15488 13592 317888 0 145184 266044 0 0 17624 0 79764 49264 74624 67728 6896 1480 0 0 0 254572 689776 768988 17460 751488 
509144 3460 13332 334520 0 139232 283904 0 0 15208 524 75300 49212 74660 67744 6916 1472 0 0 0 254572 685608 768988 17460 751488 
509144 15892 12860 328712 0 131156 282444 0 0 8 0 72044 49248 71772 64920 6852 1468 0 0 0 254572 682900 768988 17460 751488 
509144 14064 13640 320932 0 143164 271256 0 0 6460 0 79864 49264 72728 65912 6816 1480 0 0 0 254572 689776 768988 17460 751488 
509144 25344 13332 311032 0 142660 261372 0 0 15932 844 79684 49256 71924 65028 6896 1480 0 0 0 254572 690132 768988 17460 751488 
509144 12808 13416 328584 0 138600 275504 0 0 864 224 72120 49248 74348 67584 6764 1468 0 0 0 254572 682608 768988 17460 751488 
509144 7816 13544 322048 0 145916 269676 0 0 13924 0 80016 49264 77928 71132 6796 1484 0 0 0 254572 690132 768988 17460 751488 
509144 3772 12872 346280 0 127632 299684 0 0 2248 248 68180 49140 70124 63264 6860 1432 0 0 0 254572 677084 768988 17460 751488 
509144 11832 12864 329168 0 137716 279984 0 0 4 0 75684 49248 71664 64836 6828 1476 0 0 0 254572 686792 768988 17460 751488 
509144 4108 12224 335576 0 139052 287852 0 0 12788 3132 79120 49248 70188 62764 7424 1488 0 0 0 254572 689320 768988 17460 751488 
509144 27316 13048 308252 0 144676 256684 0 0 11296 0 80076 49256 72636 65924 6712 1480 0 0 0 254572 690460 768988 17460 751488 
509144 15048 13384 327008 0 136752 272872 0 0 5468 0 69248 49248 76532 69832 6700 1468 0 0 0 254572 680336 768988 17460 751488 
509144 4304 13328 332492 0 141800 282140 0 0 11224 1912 78136 49248 72988 65972 7016 1476 0 0 0 254572 688308 768988 17460 751488 
509144 14884 13224 328976 0 136052 277876 0 0 5328 616 71744 49248 72372 65648 6724 1468 0 0 0 254572 682416 768988 17460 751488 
509144 4492 13280 334436 0 139108 284496 0 0 12100 460 75904 49240 72908 66208 6700 1476 0 0 0 254572 686116 768988 17460 751488 
509144 21488 12636 315276 0 142672 265624 0 0 17456 0 80400 49264 71548 64896 6652 1480 0 0 0 254572 690604 768988 17460 751488 
509144 14552 13136 328900 0 136324 275956 0 0 556 0 70260 49248 74480 67728 6752 1468 0 0 0 254572 680856 768988 17460 751488 
509144 4136 13484 332852 0 138968 282120 0 0 12708 276 74768 49240 76092 69328 6764 1476 0 0 0 254572 684964 768988 17460 751488 
509144 8492 12616 328588 0 140244 280952 0 0 2224 376 80008 49248 71544 64792 6752 1476 0 0 0 254572 690408 768988 17460 751488 
509144 22124 13452 313068 0 143756 262936 0 0 7676 0 80188 49256 72444 65696 6748 1480 0 0 0 254572 690460 768988 17460 751488 
509144 3872 12500 335244 0 140528 284492 0 0 10376 1596 77292 49240 72208 65168 7040 1476 0 0 0 254572 687396 768988 17460 751488 
509144 24208 13444 310844 0 143992 260772 0 0 16860 0 80492 49264 72276 65560 6716 1480 0 0 0 254572 690604 768988 17460 751488 
509144 11452 13636 327428 0 139820 274708 0 0 1284 0 73480 49248 75248 68548 6700 1468 0 0 0 254572 684104 768988 17460 751488 
509144 4408 11904 348612 0 130440 298248 0 0 2824 0 68188 49140 68068 61288 6780 1432 0 0 0 254572 677084 768988 17460 751488 
509144 13320 13272 317368 0 147340 267952 0 0 3192 0 84668 49248 72252 65476 6776 1480 0 0 0 254572 695232 768988 17460 751488 
509144 4468 13044 334916 0 140628 284916 0 0 11452 176 77600 49240 70936 64116 6820 1476 0 0 0 254572 687908 768988 17460 751488 
509144 12460 12672 331980 0 138668 278124 0 0 4076 0 72156 49248 72056 65296 6760 1468 0 0 0 254572 682900 768988 17460 751488 
509144 14800 13080 328452 0 134836 275964 0 0 6108 0 69284 49248 75572 68804 6768 1468 0 0 0 254572 680172 768988 17460 751488 
509144 4196 13200 341296 0 126392 292068 0 0 9900 2852 63980 49132 78628 71220 7408 1428 0 0 0 254572 672916 768988 17460 751488 
509144 10296 12520 327308 0 138464 280868 0 0 9724 1608 79520 49256 71784 64676 7108 1480 0 0 0 254572 689776 768988 17460 751488 
509144 14660 13248 321368 0 141788 272472 0 0 15656 0 79660 49264 72412 65580 6832 1480 0 0 0 254572 689776 768988 17460 751488 
509144 30168 13052 307268 0 141212 258468 0 0 8728 0 79376 49248 71016 64192 6824 1476 0 0 0 254572 689516 768988 17460 751488 
509144 6380 13556 327812 0 143876 276876 0 0 14132 0 79400 49256 74140 67204 6936 1480 0 0 0 254572 689776 768988 17460 751488 
509144 9592 13704 327524 0 141652 273400 0 0 160 0 73840 49248 76584 69772 6812 1468 0 0 0 254572 684460 768988 17460 751488 
509144 4276 12700 346308 0 129836 297436 0 0 4 0 68280 49180 69452 62632 6820 1432 0 0 0 254572 677216 768988 17460 751488 
509144 17280 13488 329592 0 133288 278324 0 0 7112 0 68548 49252 72244 65416 6828 1468 0 0 0 254572 679240 768988 17460 751488 
509144 4204 12912 336512 0 139936 285688 0 0 11744 11896 76216 49212 71464 62084 9380 1472 0 0 0 254572 687000 768988 17460 751488 
509144 14940 13456 330252 0 135772 277604 0 0 8724 0 69684 49248 72884 66096 6788 1468 0 0 0 254572 680528 768988 17460 751488 
509144 9344 13724 322176 0 146520 269192 0 0 12304 484 79828 49256 76252 69448 6804 1480 0 0 0 254572 690132 768988 17460 751488 
509144 12448 13100 334296 0 128592 284976 0 0 14648 2488 66188 49132 75376 68148 7228 1428 0 0 0 254572 675348 768988 17460 751488 
509144 11460 13908 330436 0 135716 282212 0 0 5548 0 73600 49364 71808 65036 6772 1492 0 0 0 254572 684424 768988 17460 751488 
509144 4324 12868 333812 0 142076 283772 0 0 7236 1612 79184 49212 71060 64080 6980 1472 0 0 0 254572 689580 768988 17460 751488 
509144 26720 13448 308456 0 143684 258276 0 0 6524 0 80072 49256 72128 65356 6772 1476 0 0 0 254572 690200 768988 17460 751488 
509144 9220 13732 323300 0 147328 269784 0 0 13476 496 80096 49256 74956 68152 6804 1480 0 0 0 254572 690460 768988 17460 751488 
509144 4384 12964 332676 0 141652 281316 0 0 11036 452 77344 49240 73596 66788 6808 1476 0 0 0 254572 687396 768988 17460 751488 
509144 9352 13488 326608 0 142616 277652 0 0 9348 0 80188 49256 71712 64932 6780 1480 0 0 0 254572 690460 768988 17460 751488 
509144 17048 13604 317740 0 144928 266588 0 0 13108 0 80188 49256 72720 65948 6772 1480 0 0 0 254572 690460 768988 17460 751488 
509144 4648 12392 346172 0 125796 301104 0 0 12368 0 68352 49212 69716 62924 6792 1468 0 0 0 254572 679452 768988 17460 751488 
509144 14568 13180 330420 0 135756 278420 0 0 1588 0 70592 49248 72508 65712 6796 1468 0 0 0 254572 681376 768988 17460 751488 
509144 28704 13412 304316 0 144996 252892 0 0 7548 0 80176 49256 74700 67900 6800 1480 0 0 0 254572 690460 768988 17460 751488 
509144 20908 12492 328308 0 128316 280664 0 0 8 0 68196 49140 71188 64384 6804 1432 0 0 0 254572 677084 768988 17460 751488 
509144 17560 13348 329620 0 131084 280152 0 0 10988 468 68284 49180 72128 65324 6804 1432 0 0 0 254572 677216 768988 17460 751488 
509144 3632 11752 336800 0 140536 285864 0 0 10436 532 77864 49240 71220 64388 6832 1476 0 0 0 254572 688164 768988 17460 751488 
509144 15932 12940 320188 0 142032 270528 0 0 15200 0 79448 49256 72868 66072 6796 1480 0 0 0 254572 689776 768988 17460 751488 
509144 4396 13480 328108 0 146240 275112 0 0 12368 544 79780 49264 75500 68576 6924 1480 0 0 0 254572 689776 768988 17460 751488 
509144 4020 12812 332452 0 141012 281192 0 0 15740 2536 76956 49240 74844 67532 7312 1476 0 0 0 254572 687140 768988 17460 751488 
509144 12204 12976 319628 0 146560 270688 0 0 2536 0 84660 49248 71520 64720 6800 1480 0 0 0 254572 695232 768988 17460 751488 
509144 4204 13224 335140 0 140092 285000 0 0 19056 496 76744 49252 71548 64712 6836 1540 0 0 0 254572 687404 768988 17460 751488 
509144 18644 12796 317356 0 143752 266328 0 0 7548 0 79944 49264 72472 65700 6772 1480 0 0 0 254572 690264 768988 17460 751488 
509144 8012 13128 329220 0 143664 274632 0 0 656 512 75964 49248 74928 68176 6752 1476 0 0 0 254572 687148 768988 17460 751488 
509144 4152 13508 342212 0 128396 291160 0 0 14848 420 63852 49132 77648 70872 6776 1428 0 0 0 254572 672660 768988 17460 751488 
509144 12716 12812 324688 0 139152 277860 0 0 8452 0 79528 49256 71460 64708 6752 1480 0 0 0 254572 689776 768988 17460 751488 
509144 4012 13200 336892 0 137788 288272 0 0 12452 452 75984 49240 71208 64420 6788 1476 0 0 0 254572 686372 768988 17460 751488 
509144 24532 12768 311564 0 143852 260868 0 0 9096 1524 80404 49264 71992 64892 7100 1480 0 0 0 254572 690604 768988 17460 751488 
509144 18900 13412 314096 0 145324 262256 0 0 11448 0 80088 49256 74792 68020 6772 1480 0 0 0 254572 690460 768988 17460 751488 
509144 4512 13000 330720 0 141356 279144 0 0 14920 2128 76796 49240 76252 69088 7164 1476 0 0 0 254572 686884 768988 17460 751488 
509144 20040 12928 327460 0 127856 281336 0 0 0 0 68820 49180 71752 65000 6752 1432 0 0 0 254572 677900 768988 17460 751488 
509144 4460 13176 335540 0 138136 284800 0 0 14544 1500 74236 49240 73776 66684 7092 1476 0 0 0 254572 684436 768988 17460 751488 
509144 21744 12372 310696 0 145916 261696 0 0 6748 756 84560 49248 71456 64680 6776 1480 0 0 0 254572 695232 768988 17460 751488 
509144 12832 12844 328620 0 138420 275212 0 0 3524 0 72184 49248 74728 67988 6740 1468 0 0 0 254572 682900 768988 17460 751488 
509144 19140 13152 312060 0 144980 259640 0 0 8924 0 79424 49256 77524 70776 6748 1480 0 0 0 254572 689776 768988 17460 751488 
509144 19892 12312 329160 0 126368 283220 0 0 3052 804 68132 49140 71448 64680 6768 1432 0 0 0 254572 677080 768988 17460 751488 
509144 15452 13020 329948 0 133748 280000 0 0 3444 0 70796 49248 72064 65348 6716 1468 0 0 0 254572 681212 768988 17460 751488 
509144 3888 12700 334656 0 141960 284448 0 0 13624 2804 79068 49240 71084 63820 7264 1480 0 0 0 254572 689444 768988 17460 751488 
509144 21388 12944 310100 0 148304 259320 0 0 4324 0 84596 49248 71988 65264 6724 1480 0 0 0 254572 695232 768988 17460 751488 
509144 9188 13476 322768 0 145984 270036 0 0 16072 0 79792 49264 76032 69260 6772 1480 0 0 0 254572 689776 768988 17460 751488 
509144 3896 12680 344664 0 130268 293404 0 0 11176 6392 66344 49132 73980 65888 8092 1428 0 0 0 254572 675348 768988 17460 751488 
509144 17312 13200 329356 0 130160 281868 0 0 3684 0 69488 49248 72004 65248 6756 1468 0 0 0 254572 680172 768988 17460 751488 
509144 6508 13288 329736 0 146940 275268 0 0 4 0 79200 49248 72568 65796 6772 1476 0 0 0 254572 689652 768988 17460 751488 
509144 4588 12324 335676 0 141260 284964 0 0 12704 912 78240 49240 70304 63340 6964 1480 0 0 0 254572 688676 768988 17460 751488 
509144 16940 13128 329988 0 135196 275964 0 0 12324 0 68060 49180 72876 66120 6756 1432 0 0 0 254572 677216 768988 17460 751488 
509144 4136 12104 335900 0 140532 284824 0 0 20524 732 77368 49248 71420 64632 6788 1476 0 0 0 254572 687284 768988 17460 751488 
509144 20180 13412 326260 0 133156 275116 0 0 3032 1220 68616 49180 72564 65584 6980 1432 0 0 0 254572 677572 768988 17460 751488 
509144 19512 13504 314700 0 145000 263056 0 0 9892 0 79868 49256 73708 66948 6760 1480 0 0 0 254572 690132 768988 17460 751488 
509144 12104 12748 334328 0 132572 286204 0 0 3748 0 71716 49248 70372 63668 6704 1468 0 0 0 254572 682416 768988 17460 751488 
509144 17768 13788 316000 0 144592 265304 0 0 12656 208 80124 49256 73648 66896 6752 1480 0 0 0 254572 690460 768988 17460 751488 
509144 3988 13992 332556 0 138796 282312 0 0 15560 616 74576 49220 76292 69524 6768 1476 0 0 0 254572 684704 768988 17460 751488 
509144 16784 13008 327636 0 133884 279216 0 0 4764 0 72472 49248 71448 64708 6740 1468 0 0 0 254572 682936 768988 17460 751488 
509144 8128 13772 327168 0 146500 274376 0 0 4 0 79952 49248 72264 65544 6720 1476 0 0 0 254572 690336 768988 17460 751488 
509144 3856 13536 333340 0 140008 283692 0 0 18260 5108 76840 49240 73700 65912 7788 1476 0 0 0 254572 687404 768988 17460 751488 
509144 9612 13368 325448 0 142984 276192 0 0 10968 156 80376 49264 72276 65412 6864 1480 0 0 0 254572 690980 768988 17460 751488 
509144 18936 13776 313456 0 144760 262720 0 0 8332 1492 80264 49256 74936 67856 7080 1480 0 0 0 254572 690980 768988 17460 751488 
509144 4152 12344 333532 0 141784 281872 0 0 14500 440 77796 49240 73472 66728 6744 1480 0 0 0 254572 688460 768988 17460 751488 
509144 17320 13352 328788 0 131776 280348 0 0 800 0 70000 49248 71844 65148 6696 1468 0 0 0 254572 680644 768988 17460 751488 
509144 14444 13668 328580 0 139968 274376 0 0 4 0 72112 49248 72500 65776 6724 1468 0 0 0 254572 682724 768988 17460 751488 
509144 11436 12964 326456 0 140520 278792 0 0 9156 0 79908 49248 70524 63772 6752 1476 0 0 0 254572 690508 768988 17460 751488 
509144 4648 12976 332932 0 147752 277792 0 0 0 0 79652 49248 71212 64496 6716 1476 0 0 0 254572 690644 768988 17460 751488 
509144 4276 13508 327884 0 151064 270372 0 0 1868 0 80060 49264 75500 68776 6724 1480 0 0 0 254572 690768 768988 17460 751488 
509144 3880 13488 331360 0 140064 280656 0 0 19320 528 75888 49240 76340 69588 6752 1476 0 0 0 254572 686644 768988 17460 751488 
509144 18676 13036 327832 0 131956 277576 0 0 9920 0 68680 49180 72816 66104 6712 1432 0 0 0 254572 677688 768988 17460 751488 
509144 9004 13460 327724 0 145112 273684 0 0 0 0 77628 49248 73592 66892 6700 1476 0 0 0 254572 688564 768988 17460 751488 
509144 13080 13576 327700 0 142320 270316 0 0 8 280 71376 49248 75540 68824 6716 1468 0 0 0 254572 682204 768988 17460 751488 
509144 24968 12680 304312 0 147184 255008 0 0 6980 0 85216 49248 73668 66928 6740 1480 0 0 0 254572 696224 768988 17460 751488 
509144 3656 13380 324320 0 154880 268024 0 0 44 0 85220 49248 74500 67744 6756 1480 0 0 0 254572 696224 768988 17460 751488 
509144 8368 13628 322496 0 145072 271192 0 0 2860 0 80156 49264 76564 69812 6752 1480 0 0 0 254572 690768 768988 17460 751488 
509144 5516 13628 325724 0 151616 267348 0 0 8 0 79628 49248 76732 69980 6752 1476 0 0 0 254572 690124 768988 17460 751488 
509144 4036 13076 333108 0 141484 282208 0 0 14276 2936 77524 49248 73316 66040 7276 1476 0 0 0 254572 687944 768988 17460 751488 
509144 15460 13136 329904 0 135240 277540 0 0 0 0 69756 49248 73104 66364 6740 1468 0 0 0 254572 680636 768988 17460 751488 
509144 26596 13372 306200 0 146444 253276 0 0 13104 0 80164 49264 74972 68212 6760 1480 0 0 0 254572 690760 768988 17460 751488 
509144 4360 12980 333036 0 141540 281848 0 0 20348 504 77388 49248 73444 66636 6808 1476 0 0 0 254572 687684 768988 17460 751488 
509144 4028 12976 341564 0 134336 296828 0 0 4 0 76640 49248 65868 59116 6752 1476 0 0 0 254572 687524 768988 17460 751488 
509144 17400 13268 328232 0 132864 278232 0 0 3128 700 69612 49256 72832 65944 6888 1468 0 0 0 254572 680644 768988 17460 751488 
509144 11708 12676 328492 0 138316 280604 0 0 8 0 77768 49212 70644 63904 6740 1476 0 0 0 254572 688476 768988 17460 751488 
509144 21016 12576 329968 0 128244 282472 0 0 12 0 68188 49136 69248 63616 5632 1432 0 0 0 254572 677080 768988 17460 751488 
509144 4516 9364 355316 0 127864 307240 0 0 8 0 70440 49212 61540 55952 5588 1468 0 0 0 254572 681076 768988 17460 751488 
509144 65912 14076 275820 0 151272 224000 0 0 18840 4096 85392 49236 60040 51852 8188 1488 0 0 0 254572 695796 768988 17460 751488 
509144 3732 13436 339512 0 408988 18916 0 0 8 0 74972 49136 69488 61292 8196 1440 0 0 0 254572 684144 768988 17460 751488 
509144 3656 484 348480 0 400892 26864 0 0 32 0 78808 49212 69364 61212 8152 1476 0 0 0 254572 689192 768988 17460 751488 
509144 13220 872 342544 0 415092 3412 0 0 4 0 75104 49136 69344 61208 8136 1440 0 0 0 254572 684156 768988 17460 751488 
509144 82272 2756 279524 0 356296 1072 0 0 2724 0 75104 49020 61440 54056 7384 1440 0 0 0 254572 684156 768988 17460 751488 
509144 343332 9920 53280 0 135032 1352 0 0 3928 0 73200 49064 21296 17316 3980 1436 0 0 0 254572 682348 768988 17460 751488 
509144 189548 9988 185348 0 242204 26272 0 0 1816 0 73156 49056 43056 37328 5728 1436 0 0 0 254572 682248 768988 17460 751488 
509144 240420 9992 138572 0 203060 19320 0 0 8620 7756 73832 49064 38200 31352 6848 1436 0 0 0 254572 682896 768988 17460 751488 
509144 137824 10096 227636 0 263052 45844 0 0 11912 0 71180 48788 54340 47980 6360 1436 0 0 0 254572 679712 768988 17460 751488 
509144 51684 10180 295672 0 339704 41280 0 0 6076 0 75148 49076 68792 61388 7404 1364 0 0 0 254572 684908 768988 17460 751488 
509144 6268 9848 326904 0 369120 50412 0 0 2052 0 82796 48236 75608 67448 8160 1376 0 0 0 254572 692652 768988 17460 751488 
509144 6932 2708 339340 0 240104 182068 0 0 4328 0 80140 48244 72464 63804 8660 1376 0 0 0 254572 689560 768988 17460 751488 
509144 162996 11768 199244 0 143856 148076 0 0 10512 0 80936 48296 46400 40228 6172 1460 0 0 0 254572 691160 768988 17460 751488 
509144 230868 11792 141316 0 143784 89120 0 0 9760 0 79812 48304 37376 31996 5380 1460 0 0 0 254572 689732 768988 17460 751488 
509144 112296 11900 249520 0 134232 198032 0 0 3264 0 70860 47944 56540 49816 6724 1396 0 0 0 254572 679036 768988 17460 751488 
509144 341068 11900 52820 0 134280 1284 0 0 8 0 70860 47944 24416 20640 3776 1396 0 0 0 254572 679036 768988 17460 751488 
