0 509144 5064 84936 340848 0 218172 256064 0 0 20 0 48468 50764 21660 17824 3836 1436 0 0 0 254572 688960 768988 17492 751480 
5 509144 4568 60852 349784 0 279024 181684 0 0 14944 0 50088 51076 35872 30612 5260 1472 0 0 0 254572 693060 768988 17492 751480 
10 509144 4076 11568 378420 0 275924 168060 0 0 7840 0 54012 51052 53024 46188 6836 1584 0 0 0 254572 696672 768988 17492 751480 
15 509144 21868 7212 366644 0 299828 124776 0 0 10248 0 50764 51012 54120 47064 7056 1580 0 0 0 254572 692880 768988 17492 751480 
20 509144 23472 7340 364600 0 297724 125892 0 0 14628 0 51692 51016 53812 46764 7048 1584 0 0 0 254572 693876 768988 17492 751480 
25 509144 15724 7396 368444 0 309336 120744 0 0 19272 0 54256 51052 55160 47992 7168 1604 0 0 0 254572 697084 768988 17492 751480 
30 509144 24532 7500 364044 0 301136 120376 0 0 11588 0 49984 50780 54508 47288 7220 1564 0 0 0 254572 691564 768988 17492 751480 
35 509144 26364 7500 362204 0 300508 119280 0 0 13584 2952 50100 50952 54620 46940 7680 1584 0 0 0 254572 691920 768988 17492 751480 
40 509144 24628 7548 362252 0 308888 112704 0 0 8512 0 51808 51012 54876 47640 7236 1584 0 0 0 254572 693876 768988 17492 751480 
45 509144 27816 7548 357092 0 305364 112936 0 0 11592 672 53676 51076 54468 46992 7476 1600 0 0 0 254572 699564 768988 17492 751480 
50 509144 34052 7548 355156 0 302204 110464 0 0 7904 0 49980 50780 53960 46764 7196 1564 0 0 0 254572 691564 768988 17492 751480 
55 509144 29584 7572 355140 0 311256 105168 0 0 9356 820 53728 51104 54624 47260 7364 1592 0 0 0 254572 700004 768988 17492 751480 
60 509144 35460 7572 351592 0 305544 106040 0 0 11896 80 52436 51012 54016 46712 7304 1584 0 0 0 254572 694784 768988 17492 751480 
65 509144 37044 7576 349988 0 306764 103256 0 0 3372 0 52472 51012 53988 46724 7264 1584 0 0 0 254572 694788 768988 17492 751480 
70 509144 38944 7592 348864 0 308156 99540 0 0 9064 1608 51256 51012 54392 46944 7448 1584 0 0 0 254572 693360 768988 17492 751480 
75 509144 41596 7592 344428 0 306136 99368 0 0 12364 1660 53500 51012 53924 46328 7596 1584 0 0 0 254572 695568 768988 17492 751480 
80 509144 42980 7592 344272 0 308764 95424 0 0 16312 0 52340 51012 53876 46648 7228 1584 0 0 0 254572 694400 768988 17492 751480 
85 509144 44424 7640 340992 0 308996 93372 0 0 8904 588 53752 51076 53792 46400 7392 1608 0 0 0 254572 700088 768988 17492 751480 
90 509144 49988 7640 337000 0 305108 92840 0 0 13300 1016 53324 51012 53276 45856 7420 1584 0 0 0 254572 695568 768988 17492 751480 
95 509144 48452 7632 337880 0 308904 90112 0 0 10024 0 53520 51012 53664 46428 7236 1588 0 0 0 254572 695828 768988 17492 751480 
100 509144 52900 7652 333196 0 308044 86456 0 0 10344 0 53668 51076 53184 45920 7264 1588 0 0 0 254572 699748 768988 17492 751480 
105 509144 57256 7652 332676 0 303136 87232 0 0 10676 1040 50056 51004 53096 45600 7496 1564 0 0 0 254572 691584 768988 17492 751480 
110 509144 52148 7652 333488 0 310640 84284 0 0 8900 0 53800 51076 53520 46248 7272 1608 0 0 0 254572 700088 768988 17492 751480 
115 509144 57228 7676 329348 0 307512 83228 0 0 10360 1404 53732 51108 52904 45508 7396 1604 0 0 0 254572 699828 768988 17492 751480 
120 509144 61300 7664 327196 0 303220 83760 0 0 22040 0 52136 51032 52560 45264 7296 1604 0 0 0 254572 694484 768988 17492 751480 
125 509144 62348 7664 327632 0 306484 78780 0 0 10256 0 49984 50780 53028 45756 7272 1564 0 0 0 254572 691568 768988 17492 751480 
130 509144 65440 7680 324852 0 302684 80292 0 0 12240 0 50460 51012 52524 45260 7264 1584 0 0 0 254572 692840 768988 17492 751480 
135 509144 62300 7680 324152 0 308476 77068 0 0 18956 0 53728 51076 52768 45304 7464 1600 0 0 0 254572 699568 768988 17492 751480 
140 509144 65012 7680 321600 0 309220 73784 0 0 9020 0 53740 51104 52632 45296 7336 1608 0 0 0 254572 700344 768988 17492 751480 
145 509144 68500 7688 319444 0 304280 76160 0 0 13060 0 53324 51052 52112 44804 7308 1604 0 0 0 254572 696180 768988 17492 751480 
150 509144 66904 7688 319244 0 307132 73512 0 0 13196 1328 53728 51076 53056 45060 7996 1600 0 0 0 254572 699568 768988 17492 751480 
155 509144 69720 7688 317096 0 308476 70064 0 0 9588 660 53772 51108 52400 44924 7476 1612 0 0 0 254572 700348 768988 17492 751480 
160 509144 72344 7704 315376 0 304376 72132 0 0 13356 1204 53444 51012 52264 44692 7572 1584 0 0 0 254572 695568 768988 17492 751480 
165 509144 72748 7704 317732 0 304728 71176 0 0 14756 0 50484 51012 52436 45136 7300 1584 0 0 0 254572 692840 768988 17492 751480 
170 509144 76140 7704 311412 0 305476 67300 0 0 10596 60 53676 51104 51808 44456 7352 1584 0 0 0 254572 699488 768988 17492 751480 
175 509144 81916 7732 309248 0 300056 67372 0 0 9544 2364 50464 51012 51788 43968 7820 1564 0 0 0 254572 692500 768988 17492 751480 
180 509144 76528 7732 310924 0 308904 63552 0 0 9092 0 53816 51104 52072 44716 7356 1612 0 0 0 254572 700348 768988 17492 751480 
185 509144 80256 7732 307460 0 305924 62900 0 0 11092 0 53648 51104 51468 44052 7416 1584 0 0 0 254572 699488 768988 17492 751480 
190 509144 82428 7776 306832 0 301916 65400 0 0 22152 0 52724 51012 51308 44000 7308 1584 0 0 0 254572 695048 768988 17492 751480 
195 509144 85264 7776 303320 0 305404 58932 0 0 10140 0 53256 51012 51504 44188 7316 1584 0 0 0 254572 695568 768988 17492 751480 
200 509144 89152 7776 300380 0 302128 58740 0 0 12740 0 52728 51012 50940 43596 7344 1584 0 0 0 254572 695048 768988 17492 751480 
205 509144 92456 7796 299520 0 300400 57128 0 0 21400 0 50228 51012 50868 43552 7316 1584 0 0 0 254572 692580 768988 17492 751480 
210 509144 92076 7796 296328 0 305608 52176 0 0 9416 0 53676 51104 50908 43576 7332 1584 0 0 0 254572 699488 768988 17492 751480 
215 509144 95444 7796 293124 0 303056 51564 0 0 11452 1556 53716 51104 50576 43128 7448 1604 0 0 0 254572 699828 768988 17492 751480 
220 509144 98424 7820 292588 0 301172 50884 0 0 12176 0 51664 51012 50544 43248 7296 1584 0 0 0 254572 693880 768988 17492 751480 
225 509144 100344 7820 288456 0 304268 45616 0 0 10036 0 53624 51076 50416 42996 7420 1580 0 0 0 254572 699228 768988 17492 751480 
230 509144 106716 7820 286216 0 297708 46304 0 0 17592 0 49992 50780 49912 42588 7324 1564 0 0 0 254572 691568 768988 17492 751480 
235 509144 103740 7852 288152 0 304548 41884 0 0 13136 0 50444 51076 50428 43092 7336 1600 0 0 0 254572 692808 768988 17492 751480 
240 509144 106868 7852 285756 0 301964 41620 0 0 12724 0 49992 50780 50080 42752 7328 1564 0 0 0 254572 691568 768988 17492 751480 
245 509144 106948 7852 283560 0 300372 43944 0 0 12288 0 52920 51012 49804 42464 7340 1584 0 0 0 254572 695048 768988 17492 751480 
250 509144 107048 7872 281992 0 306392 37152 0 0 10052 0 53696 51104 50204 42848 7356 1584 0 0 0 254572 699488 768988 17492 751480 
255 509144 114288 7872 278924 0 298984 37788 0 0 14124 0 49992 50780 49564 42232 7332 1564 0 0 0 254572 691568 768988 17492 751480 
260 509144 114056 7872 278132 0 298944 38800 0 0 22244 0 51756 51012 49316 42008 7308 1584 0 0 0 254572 693880 768988 17492 751480 
265 509144 111760 7876 277328 0 305324 33608 0 0 10244 0 53744 51104 49940 42420 7520 1604 0 0 0 254572 699828 768988 17492 751480 
270 509144 118208 7876 275428 0 298036 35248 0 0 14344 0 49996 50780 49228 41884 7344 1564 0 0 0 254572 691568 768988 17492 751480 
275 509144 118404 7876 275168 0 298640 34380 0 0 21888 0 49992 50780 49188 41864 7324 1564 0 0 0 254572 691568 768988 17492 751480 
280 509144 116688 7876 272672 0 305396 29404 0 0 10596 0 54268 51120 49372 41988 7384 1624 0 0 0 254572 701352 768988 17492 751480 
285 509144 123268 7876 268336 0 299228 29724 0 0 15956 0 52756 51012 48840 41492 7348 1580 0 0 0 254572 695044 768988 17492 751480 
290 509144 121984 7876 270680 0 300672 29312 0 0 16304 0 51444 51012 49056 41728 7328 1584 0 0 0 254572 693620 768988 17492 751480 
295 509144 124772 7908 268368 0 299388 27900 0 0 11500 0 51028 51016 49012 41680 7332 1584 0 0 0 254572 693360 768988 17492 751480 
300 509144 127360 7908 265352 0 296964 28004 0 0 16076 0 51724 51012 48564 41244 7320 1564 0 0 0 254572 693540 768988 17492 751480 
305 509144 127060 7908 266752 0 298808 26188 0 0 6828 0 50352 51012 48984 41656 7328 1584 0 0 0 254572 692580 768988 17492 751480 
310 509144 130592 7908 262996 0 298660 22708 0 0 12048 0 50480 51104 48560 41192 7368 1604 0 0 0 254572 693068 768988 17492 751480 
315 509144 133112 7908 260908 0 297136 22108 0 0 11460 0 50444 51076 48204 40848 7356 1600 0 0 0 254572 692808 768988 17492 751480 
320 509144 124408 7908 263056 0 308844 18528 0 0 4880 0 56424 51092 48784 41408 7376 1600 0 0 0 254572 702700 768988 17492 751480 
325 509144 133072 7928 257748 0 300352 18988 0 0 13208 0 53680 51104 48332 40852 7480 1604 0 0 0 254572 699828 768988 17492 751480 
330 509144 134136 7928 257688 0 299104 19888 0 0 22512 0 53392 51012 47976 40660 7316 1584 0 0 0 254572 695568 768988 17492 751480 
335 509144 135972 7928 255308 0 300988 15788 0 0 11176 0 53556 51016 48332 41020 7312 1584 0 0 0 254572 695568 768988 17492 751480 
340 509144 142296 7928 252640 0 296596 13952 0 0 15728 0 49996 50780 47856 40512 7344 1564 0 0 0 254572 691568 768988 17492 751480 
345 509144 139716 7928 253732 0 299376 14120 0 0 19680 0 51852 51012 47888 40576 7312 1584 0 0 0 254572 694140 768988 17492 751480 
350 509144 142800 7928 252016 0 298504 11424 0 0 11624 0 50000 50780 47928 40596 7332 1564 0 0 0 254572 691568 768988 17492 751480 
355 509144 144688 7928 247580 0 297380 11436 0 0 15568 0 53324 51012 47480 40124 7356 1580 0 0 0 254572 695564 768988 17492 751480 
360 509144 144552 7924 250544 0 298200 10252 0 0 12796 0 50000 50780 47680 40356 7324 1564 0 0 0 254572 691568 768988 17492 751480 
365 509144 140884 7924 250456 0 303324 8780 0 0 11868 0 53740 51104 47792 40444 7348 1604 0 0 0 254572 699828 768988 17492 751480 
370 509144 144140 7924 247336 0 299988 8904 0 0 14224 0 53648 51076 47656 40284 7372 1600 0 0 0 254572 699568 768988 17492 751480 
375 509144 141056 7928 253144 0 301360 10148 0 0 17588 0 50452 51076 48108 40772 7336 1600 0 0 0 254572 692808 768988 17492 751480 
380 509144 145548 7928 249696 0 298176 9352 0 0 12176 0 49920 50780 47652 40332 7320 1548 0 0 0 254572 691232 768988 17492 751480 
385 509144 142568 7948 248860 0 299512 10924 0 0 15340 0 53644 51076 47648 40228 7420 1600 0 0 0 254572 699568 768988 17492 751480 
390 509144 142436 7948 252364 0 303524 6772 0 0 4104 0 50000 50780 47988 40664 7324 1564 0 0 0 254572 691568 768988 17492 751480 
395 509144 145156 7948 250004 0 297360 10576 0 0 13868 0 50000 50780 47732 40408 7324 1564 0 0 0 254572 691568 768988 17492 751480 
400 509144 142188 7952 249916 0 299104 12152 0 0 14624 0 53404 51012 47628 40316 7312 1584 0 0 0 254572 695568 768988 17492 751480 
405 509144 139776 7952 251292 0 303764 9132 0 0 11324 0 53668 51104 47992 40644 7348 1584 0 0 0 254572 699488 768988 17492 751480 
410 509144 147644 7952 247660 0 296636 8964 0 0 15092 0 50004 50780 47532 40212 7320 1564 0 0 0 254572 691568 768988 17492 751480 
415 509144 142436 7996 249268 0 298676 12072 0 0 10836 0 53500 51012 47544 40236 7308 1588 0 0 0 254572 695572 768988 17492 751480 
420 509144 142024 7996 249308 0 302920 8012 0 0 11376 0 53644 51104 47788 40436 7352 1584 0 0 0 254572 699488 768988 17492 751480 
425 509144 146372 7996 245792 0 297708 9384 0 0 14416 0 53320 51012 47348 40008 7340 1564 0 0 0 254572 695228 768988 17492 751480 
430 509144 145040 8064 250016 0 297584 10484 0 0 6628 0 50004 50780 47612 40284 7328 1564 0 0 0 254572 691568 768988 17492 751480 
435 509144 145712 8064 248792 0 298680 8984 0 0 13044 0 50824 51012 47640 40300 7340 1576 0 0 0 254572 692884 768988 17492 751480 
440 509144 145264 8064 246280 0 298284 9688 0 0 15492 0 53644 51104 47404 40044 7360 1604 0 0 0 254572 699828 768988 17492 751480 
445 509144 143188 8100 251640 0 299144 10584 0 0 22296 0 50004 50780 47852 40528 7324 1564 0 0 0 254572 691568 768988 17492 751480 
450 509144 147528 8100 247408 0 296920 9012 0 0 12016 0 50440 51012 47524 40228 7296 1584 0 0 0 254572 692580 768988 17492 751480 
455 509144 146084 8100 244720 0 296876 10500 0 0 17668 0 54572 51052 47196 39880 7316 1600 0 0 0 254572 697476 768988 17492 751480 
460 509144 135608 8136 254660 0 307640 8864 0 0 2172 0 53724 51076 48520 41168 7352 1600 0 0 0 254572 699568 768988 17492 751480 
465 509144 144720 8140 249004 0 300376 8220 0 0 12448 0 51468 51016 47716 40384 7332 1584 0 0 0 254572 693572 768988 17492 751480 
470 509144 145652 8140 249256 0 297200 10184 0 0 8376 0 50004 50780 47604 40280 7324 1564 0 0 0 254572 691568 768988 17492 751480 
475 509144 138808 8156 251920 0 305380 8364 0 0 10036 0 53684 51104 48092 40768 7324 1584 0 0 0 254572 699488 768988 17492 751480 
480 509144 146156 8156 248768 0 297964 8952 0 0 13292 0 50008 50780 47608 40276 7332 1564 0 0 0 254572 691568 768988 17492 751480 
485 509144 145296 8156 249656 0 297912 9892 0 0 3704 0 50008 50780 47656 40332 7324 1564 0 0 0 254572 691568 768988 17492 751480 
490 509144 139892 8168 251060 0 303808 9064 0 0 11196 0 53660 51104 47984 40624 7360 1584 0 0 0 254572 699488 768988 17492 751480 
495 509144 143544 8168 247676 0 301232 8256 0 0 14060 0 53660 51076 47688 40316 7372 1600 0 0 0 254572 699568 768988 17492 751480 
500 509144 143064 8168 251684 0 300636 9208 0 0 19544 0 50008 50780 47884 40560 7324 1564 0 0 0 254572 691568 768988 17492 751480 
505 509144 135800 8176 251952 0 307456 9196 0 0 11452 0 56540 51136 48260 40864 7396 1604 0 0 0 254572 703012 768988 17492 751480 
510 509144 145040 8176 249504 0 298620 9052 0 0 16664 0 50008 50780 47956 40628 7328 1564 0 0 0 254572 691568 768988 17492 751480 
515 509144 134832 8176 254656 0 306704 9848 0 0 12312 0 53736 51076 49296 41020 8276 1600 0 0 0 254572 699568 768988 17492 751480 
520 509144 135296 8180 254824 0 308596 8184 0 0 11884 0 53792 51108 48612 41240 7372 1612 0 0 0 254572 700348 768988 17492 751480 
525 509144 138668 8180 251732 0 304928 8696 0 0 17000 0 53728 51108 48384 41036 7348 1604 0 0 0 254572 699828 768988 17492 751480 
530 509144 139708 7324 254944 0 306832 5348 0 0 5156 0 49928 50780 48956 41596 7360 1544 0 0 0 254572 691228 768988 17492 751480 
535 509144 140560 7428 250464 0 305376 6276 0 0 12400 0 53776 51104 48472 41120 7352 1604 0 0 0 254572 699828 768988 17492 751480 
540 509144 145164 7428 249492 0 301748 5956 0 0 11480 0 50800 51012 48288 40960 7328 1584 0 0 0 254572 693100 768988 17492 751480 
545 509144 142388 6896 252460 0 305084 4656 0 0 11772 0 50400 51016 48668 41328 7340 1584 0 0 0 254572 692572 768988 17492 751480 
550 509144 144148 6948 247612 0 303924 4356 0 0 13192 0 53736 51076 48276 40928 7348 1600 0 0 0 254572 699568 768988 17492 751480 
555 509144 147528 6956 248096 0 299712 5336 0 0 18520 0 50012 50780 48148 40812 7336 1564 0 0 0 254572 691568 768988 17492 751480 
560 509144 146216 4500 250308 0 302104 4444 0 0 10996 0 51756 51012 48404 41048 7356 1584 0 0 0 254572 693880 768988 17492 751480 
565 509144 148744 5828 248232 0 299908 4152 0 0 12236 0 50016 50780 48004 40648 7356 1564 0 0 0 254572 691568 768988 17492 751480 
570 509144 147388 6004 248312 0 297468 8344 0 0 18196 0 51512 51012 47924 40592 7332 1584 0 0 0 254572 693620 768988 17492 751480 
575 509144 144244 6748 250768 0 300912 7368 0 0 9260 1072 50780 51012 48472 40980 7492 1584 0 0 0 254572 693100 768988 17492 751480 
580 509144 146828 6904 248284 0 300564 5056 0 0 14752 0 50448 51108 48044 40692 7352 1604 0 0 0 254572 693028 768988 17492 751480 
585 509144 148704 4456 248540 0 299144 5816 0 0 24068 0 51980 49632 47452 40024 7428 1564 0 0 0 254572 693800 768988 17492 751480 
590 509144 146792 6948 248804 0 301400 4352 0 0 11540 0 50016 49400 48128 40776 7352 1564 0 0 0 254572 691568 768988 17492 751480 
595 509144 147164 7056 244760 0 301444 4072 0 0 15580 0 53716 49696 48020 40552 7468 1600 0 0 0 254572 699568 768988 17492 751480 
600 509144 145368 5228 249308 0 303288 4992 0 0 12732 0 53760 49684 47100 39660 7440 1600 0 0 0 254572 699568 768988 17492 751480 
605 509144 146964 6892 248724 0 301384 4344 0 0 12632 0 50128 49540 48076 40724 7352 1584 0 0 0 254572 691912 768988 17492 751480 
610 509144 150700 7008 244972 0 298248 4032 0 0 16364 0 50316 49620 47780 40440 7340 1584 0 0 0 254572 692580 768988 17492 751480 
615 509144 144376 6224 250112 0 304516 5340 0 0 16108 0 53536 49620 46916 39576 7340 1588 0 0 0 254572 695828 768988 17492 751480 
620 509144 144344 6948 247624 0 305208 3068 0 0 12040 0 53720 49712 48008 40628 7380 1584 0 0 0 254572 699488 768988 17492 751480 
625 509144 147080 7052 244900 0 300972 4664 0 0 16664 0 53700 49684 47976 40412 7564 1600 0 0 0 254572 699568 768988 17492 751480 
630 509144 141356 6168 251232 0 287692 23408 0 0 2828 0 53716 49684 48416 41088 7328 1588 0 0 0 254572 699748 768988 17492 751480 
635 509144 145308 6392 247744 0 304912 2924 0 0 12388 0 53716 49712 47924 40560 7364 1584 0 0 0 254572 699488 768988 17492 751480 
640 509144 146556 6812 246416 0 301432 5260 0 0 13804 0 53480 49620 47844 40484 7360 1584 0 0 0 254572 695568 768988 17492 751480 
645 509144 143400 7012 251720 0 304560 4180 0 0 10848 0 50024 49388 48424 41064 7360 1564 0 0 0 254572 691568 768988 17492 751480 
650 509144 147200 7140 248264 0 301244 4164 0 0 12164 0 50020 49388 47996 40656 7340 1564 0 0 0 254572 691568 768988 17492 751480 
655 509144 145804 7248 247528 0 303656 3696 0 0 16452 0 52592 49608 47972 40604 7368 1584 0 0 0 254572 695040 768988 17492 751480 
660 509144 141332 6620 250780 0 304952 6216 0 0 10364 0 53784 49712 48384 41032 7352 1592 0 0 0 254572 700008 768988 17492 751480 
665 509144 143540 6680 248848 0 302232 6992 0 0 12944 0 53712 49712 48020 40656 7364 1584 0 0 0 254572 699488 768988 17492 751480 
670 509144 146216 6796 249556 0 302040 4240 0 0 23112 0 49944 49388 48128 40800 7328 1544 0 0 0 254572 691228 768988 17492 751480 
675 509144 145680 6420 249940 0 303248 3664 0 0 10416 0 50568 49620 48292 40940 7352 1584 0 0 0 254572 692840 768988 17492 751480 
680 509144 146548 6564 247940 0 301340 5140 0 0 15132 0 51992 49660 48012 40632 7380 1604 0 0 0 254572 694884 768988 17492 751480 
685 509144 146704 5872 249460 0 297728 8064 0 0 20464 32 50476 49684 48076 40720 7356 1600 0 0 0 254572 692808 768988 17492 751480 
690 509144 142604 6640 249328 0 306032 3740 0 0 8636 548 53820 49716 48244 40860 7384 1612 0 0 0 254572 700348 768988 17492 751480 
695 509144 146704 6648 249060 0 301936 3932 0 0 14688 0 50176 49612 48096 40748 7348 1584 0 0 0 254572 691924 768988 17492 751480 
700 509144 143364 6884 250460 0 303304 6228 0 0 7784 0 52204 49620 48244 40896 7348 1584 0 0 0 254572 694400 768988 17492 751480 
705 509144 142936 6628 248800 0 305648 3600 0 0 11480 0 53836 49712 48324 40900 7424 1612 0 0 0 254572 700348 768988 17492 751480 
710 509144 148980 6636 245604 0 300240 3712 0 0 15228 0 51728 49624 47940 40584 7356 1584 0 0 0 254572 693880 768988 17492 751480 
715 509144 141812 6492 251256 0 304424 6512 0 0 20548 48 53204 49664 47868 40460 7408 1584 0 0 0 254572 695612 768988 17492 751480 
720 509144 143092 7084 248564 0 305180 4180 0 0 11836 0 53728 49712 48164 40820 7344 1584 0 0 0 254572 699488 768988 17492 751480 
725 509144 148572 7120 246920 0 299396 4896 0 0 16636 0 50268 49620 47992 40656 7336 1584 0 0 0 254572 692580 768988 17492 751480 
730 509144 142504 6712 252848 0 301928 7644 0 0 20696 0 50028 49388 48556 41208 7348 1564 0 0 0 254572 691568 768988 17492 751480 
735 509144 145588 6732 246556 0 301680 5388 0 0 12384 0 53796 49712 48068 40716 7352 1604 0 0 0 254572 699828 768988 17492 751480 
740 509144 147572 6752 246424 0 300496 5040 0 0 13292 0 52376 49620 47932 40584 7348 1584 0 0 0 254572 694400 768988 17492 751480 
745 509144 142120 6772 251472 0 303744 6628 0 0 11208 0 52144 49620 48476 41144 7332 1564 0 0 0 254572 694060 768988 17492 751480 
750 509144 141696 6780 248388 0 305160 5948 0 0 12764 0 55956 49660 48168 40844 7324 1604 0 0 0 254572 698516 768988 17492 751480 
755 509144 146300 6600 249552 0 301936 4228 0 0 4624 0 50028 49388 48164 40836 7328 1564 0 0 0 254572 691568 768988 17492 751480 
760 509144 144292 6824 251424 0 299664 8596 0 0 11116 0 50028 49388 48040 40692 7348 1564 0 0 0 254572 691568 768988 17492 751480 
765 509144 143532 6832 248976 0 300216 9296 0 0 12440 0 53720 49712 47804 40472 7332 1584 0 0 0 254572 699488 768988 17492 751480 
770 509144 147640 6892 248024 0 297896 7032 0 0 17560 0 50028 48356 48072 40732 7340 1564 0 0 0 254572 691568 768988 17492 751480 
775 509144 141756 6556 247248 0 305980 4432 0 0 10224 0 56624 46380 48472 41088 7384 1632 0 0 0 254572 704080 768988 17492 751480 
780 509144 150748 6696 244628 0 298508 3680 0 0 12584 0 50880 46268 48112 40772 7340 1584 0 0 0 254572 693100 768988 17492 751480 
785 509144 150128 6312 246236 0 296232 6332 0 0 20184 0 50032 46036 48084 40736 7348 1564 0 0 0 254572 691568 768988 17492 751480 
790 509144 145260 6620 246568 0 302376 4572 0 0 10612 0 53776 46360 48472 41104 7368 1592 0 0 0 254572 700008 768988 17492 751480 
795 509144 152048 6624 243968 0 296848 3764 0 0 13404 0 50036 46036 48032 40692 7340 1564 0 0 0 254572 691568 768988 17492 751480 
800 509144 149220 6400 246852 0 296312 6956 0 0 21212 0 50032 46036 48112 40772 7340 1564 0 0 0 254572 691568 768988 17492 751480 
805 509144 146600 6624 245556 0 302836 3092 0 0 11736 0 53764 46360 48172 40836 7336 1592 0 0 0 254572 700008 768988 17492 751480 
810 509144 150660 6624 241896 0 298404 3660 0 0 15540 0 53560 46276 48044 40680 7364 1584 0 0 0 254572 695572 768988 17492 751480 
815 509144 147716 5768 247488 0 298568 6800 0 0 22296 0 52128 46268 47960 40612 7348 1584 0 0 0 254572 694140 768988 17492 751480 
820 509144 148832 7336 246536 0 297480 6408 0 0 11288 0 50032 46036 48092 40748 7344 1564 0 0 0 254572 691568 768988 17492 751480 
825 509144 148716 7348 242696 0 299652 4128 0 0 15500 0 53752 46332 48276 40744 7532 1600 0 0 0 254572 699568 768988 17492 751480 
830 509144 145872 7352 248956 0 301468 5172 0 0 21148 0 50348 46268 48520 41184 7336 1584 0 0 0 254572 692580 768988 17492 751480 
835 509144 147544 7380 243824 0 301408 3592 0 0 11768 0 53812 46360 48212 40688 7524 1604 0 0 0 254572 699828 768988 17492 751480 
840 509144 152568 7380 242876 0 294628 5648 0 0 15520 0 50036 46036 47964 40616 7348 1564 0 0 0 254572 691568 768988 17492 751480 
845 509144 145212 7380 245996 0 304184 2948 0 0 6720 0 53772 46360 48408 41040 7368 1592 0 0 0 254572 700008 768988 17492 751480 
850 509144 147452 7408 244020 0 301848 3368 0 0 12748 0 53804 46360 47976 40612 7364 1604 0 0 0 254572 699828 768988 17492 751480 
855 509144 152336 7408 243044 0 296360 4112 0 0 9528 0 50036 46036 47908 40576 7332 1564 0 0 0 254572 691568 768988 17492 751480 
860 509144 146724 7408 248232 0 300684 4976 0 0 11048 0 50036 46036 48444 41076 7368 1564 0 0 0 254572 691568 768988 17492 751480 
865 509144 147188 7464 244540 0 300364 5044 0 0 12872 0 53420 46268 48164 40800 7364 1564 0 0 0 254572 695228 768988 17492 751480 
870 509144 149080 7464 246004 0 298588 4900 0 0 17612 0 50036 46036 48168 40796 7372 1564 0 0 0 254572 691568 768988 17492 751480 
875 509144 144824 7464 246316 0 304052 3484 0 0 9296 180 53772 46360 48304 40908 7396 1592 0 0 0 254572 700008 768988 17492 751480 
880 509144 148228 7508 243932 0 300764 3836 0 0 12804 0 53176 46268 48244 40896 7348 1584 0 0 0 254572 695308 768988 17492 751480 
885 509144 146220 7508 246668 0 300404 6268 0 0 8840 0 52512 46268 48256 40888 7368 1584 0 0 0 254572 694788 768988 17492 751480 
890 509144 146188 7508 245144 0 302416 3964 0 0 11432 0 53744 46360 48152 40764 7388 1584 0 0 0 254572 699488 768988 17492 751480 
895 509144 153196 7556 241904 0 295304 4180 0 0 15188 0 50040 46036 47948 40604 7344 1564 0 0 0 254572 691568 768988 17492 751480 
900 509144 149236 7556 245920 0 298116 5684 0 0 19640 0 50340 46268 48000 40680 7320 1584 0 0 0 254572 692580 768988 17492 751480 
905 509144 140840 7556 247268 0 306404 5004 0 0 10860 0 56600 46376 48460 41024 7436 1612 0 0 0 254572 703476 768988 17492 751480 
910 509144 145468 7584 245448 0 303168 3592 0 0 16316 0 53744 46360 48512 41032 7480 1584 0 0 0 254572 699488 768988 17492 751480 
915 509144 143656 6936 248560 0 298828 10232 0 0 23028 0 53580 46268 48464 41132 7332 1588 0 0 0 254572 695828 768988 17492 751480 
920 509144 150336 6956 245368 0 294300 8048 0 0 13044 0 50040 46036 48052 40700 7352 1564 0 0 0 254572 691568 768988 17492 751480 
925 509144 149840 7040 242064 0 298772 4064 0 0 15312 0 53748 46332 48128 40744 7384 1600 0 0 0 254572 699568 768988 17492 751480 
930 509144 142408 7040 249508 0 307044 3044 0 0 11220 0 53556 46268 48656 41312 7344 1588 0 0 0 254572 695828 768988 17492 751480 
935 509144 151216 7048 244000 0 297564 3812 0 0 12192 0 50344 46316 48108 40716 7392 1584 0 0 0 254572 692188 768988 17492 751480 
940 509144 148584 7116 243096 0 299248 4692 0 0 13264 0 53744 46332 48128 40656 7472 1600 0 0 0 254572 699568 768988 17492 751480 
945 509144 143104 7116 248060 0 306372 2672 0 0 9968 0 53884 46364 48576 41188 7388 1612 0 0 0 254572 700348 768988 17492 751480 
950 509144 149824 7116 245348 0 298284 4208 0 0 11860 84 50044 46036 48276 40896 7380 1564 0 0 0 254572 691568 768988 17492 751480 
955 509144 146104 7188 245408 0 300960 5404 0 0 13088 0 53784 46332 48264 40896 7368 1600 0 0 0 254572 699568 768988 17492 751480 
960 509144 143568 7188 247700 0 305640 3124 0 0 10836 0 53892 46360 48500 41104 7396 1612 0 0 0 254572 700348 768988 17492 751480 
965 509144 147560 7188 243984 0 301788 3108 0 0 13296 0 53740 46360 48280 40856 7424 1584 0 0 0 254572 699488 768988 17492 751480 
970 509144 146856 7292 245260 0 299228 6864 0 0 18340 0 53556 46268 48212 40844 7368 1584 0 0 0 254572 695568 768988 17492 751480 
975 509144 147152 7292 246928 0 301560 3776 0 0 10944 552 51132 46268 48584 41064 7520 1568 0 0 0 254572 693024 768988 17492 751480 
980 509144 149124 7292 245316 0 298688 4588 0 0 14668 0 50684 46340 48264 40844 7420 1600 0 0 0 254572 693448 768988 17492 751480 
985 509144 145452 7344 245732 0 302896 3952 0 0 10464 0 53788 46332 48392 40836 7556 1600 0 0 0 254572 699568 768988 17492 751480 
990 509144 146344 7344 244912 0 303156 2928 0 0 11256 0 53844 46360 48296 40896 7400 1612 0 0 0 254572 700348 768988 17492 751480 
995 509144 146576 8144 243904 0 301232 4596 0 0 16420 0 53796 46360 48288 40800 7488 1604 0 0 0 254572 699828 768988 17492 751480 
1000 509144 146972 7368 246244 0 300796 5196 0 0 8588 0 52396 46268 48160 40780 7380 1584 0 0 0 254572 694400 768988 17492 751480 
1005 509144 150580 5236 246692 0 296360 5600 0 0 12180 0 50048 46036 48108 40724 7384 1568 0 0 0 254572 691568 768988 17492 751480 
1010 509144 146368 7404 245112 0 300224 6048 0 0 12816 0 53772 46332 48128 40772 7356 1600 0 0 0 254572 699568 768988 17492 751480 
1015 509144 142336 5884 247376 0 303032 7204 0 0 20924 52 56992 46384 48144 40772 7372 1628 0 0 0 254572 704132 768988 17492 751480 
1020 509144 148364 6988 245220 0 300676 3792 0 0 10572 0 52276 46268 48248 40872 7376 1564 0 0 0 254572 694060 768988 17492 751480 
1025 509144 151388 6988 241204 0 297760 3920 0 0 15720 0 53504 46268 48156 40776 7380 1584 0 0 0 254572 695568 768988 17492 751480 
1030 509144 149304 5364 247096 0 295668 8092 0 0 12772 0 51316 46268 48172 40820 7352 1584 0 0 0 254572 693360 768988 17492 751480 
1035 509144 152564 5412 244440 0 294788 5092 0 0 10732 904 50044 46036 48196 40728 7468 1564 0 0 0 254572 691568 768988 17492 751480 
1040 509144 153052 6680 241168 0 296544 3500 0 0 15528 0 52212 46268 48084 40708 7376 1584 0 0 0 254572 694400 768988 17492 751480 
1045 509144 146824 6544 247668 0 299480 6532 0 0 14784 0 51816 46268 48324 40976 7348 1584 0 0 0 254572 693880 768988 17492 751480 
1050 509144 146272 6708 245640 0 303156 2924 0 0 11588 0 53748 46360 48296 40908 7388 1584 0 0 0 254572 699488 768988 17492 751480 
1055 509144 120092 7552 243232 0 297304 4692 0 0 17352 0 51228 46036 78400 70988 7412 1672 0 0 0 254572 693768 768988 17492 751480 
1060 509144 111984 6352 248488 0 308124 1696 0 0 2920 0 54996 46756 78696 71264 7432 1712 0 0 0 254572 702332 768988 17492 751480 
1065 509144 116588 6432 244096 0 302864 2564 0 0 11280 0 54916 46756 78384 70940 7444 1692 0 0 0 254572 701688 768988 17492 751480 
1070 509144 105616 10028 256168 0 298932 17984 0 0 11808 0 50736 48200 78200 70808 7392 1600 0 0 0 254572 693048 768988 17492 751480 
1075 509144 88372 10328 262624 0 313688 19624 0 0 7176 0 60376 49896 78888 71488 7400 1600 0 0 0 254572 706280 768988 17492 751480 
1080 509144 78428 11024 265168 0 322440 20920 0 0 9556 0 67184 49912 78916 71408 7508 1620 0 0 0 254572 712648 768988 17492 751480 
1085 509144 77760 11088 267084 0 323616 20256 0 0 10012 572 65716 49804 79112 71648 7464 1604 0 0 0 254572 705680 768988 17492 751480 
1090 509144 62820 10976 269760 0 332088 23572 0 0 4924 15200 74940 49948 82504 71932 10572 1620 0 0 0 254572 715708 768988 17492 751480 
1095 509144 75732 10204 264120 0 328644 17204 0 0 12508 0 71540 50060 79220 71800 7420 1600 0 0 0 254572 710876 768988 17492 751480 
1100 509144 81668 10204 261168 0 323764 16284 0 0 14540 0 68692 49828 78956 71548 7408 1580 0 0 0 254572 707396 768988 17492 751480 
1105 509144 81312 9540 261780 0 319056 22016 0 0 17796 0 69768 50060 78828 71412 7416 1600 0 0 0 254572 709196 768988 17492 751480 
1110 509144 84380 9208 259504 0 323884 13512 0 0 12164 0 68700 49828 78844 71440 7404 1580 0 0 0 254572 707404 768988 17492 751480 
1115 509144 82852 9232 257388 0 326788 12356 0 0 12660 0 72540 50100 78816 71420 7396 1620 0 0 0 254572 712536 768988 17492 751480 
1120 509144 83808 8360 257124 0 327368 10540 0 0 9856 616 72440 50124 78832 71424 7408 1616 0 0 0 254572 715404 768988 17492 751480 
1125 509144 87976 8360 256456 0 323828 9668 0 0 10600 1244 68696 49828 79148 71432 7716 1580 0 0 0 254572 707404 768988 17492 751480 
1130 509144 87992 8360 253200 0 324608 9292 0 0 15940 968 72356 50152 79076 71416 7660 1600 0 0 0 254572 715324 768988 17492 751480 
1135 509144 92248 7540 253312 0 321272 8552 0 0 16156 0 68988 50060 78780 71392 7388 1600 0 0 0 254572 708416 768988 17492 751480 
1140 509144 91556 7288 251060 0 323632 6872 0 0 12068 0 72172 50060 78812 71400 7412 1600 0 0 0 254572 711404 768988 17492 751480 
1145 509144 95020 7296 248972 0 321752 5332 0 0 15016 0 70832 50060 78796 71388 7408 1592 0 0 0 254572 710020 768988 17492 751480 
1150 509144 89388 6412 252548 0 324612 8152 0 0 17228 0 73820 50148 78860 71468 7392 1620 0 0 0 254572 714020 768988 17492 751480 
1155 509144 97084 6484 249596 0 320124 4768 0 0 11624 0 68828 50020 78780 71392 7388 1600 0 0 0 254572 707760 768988 17492 751480 
1160 509144 94952 7008 247732 0 321980 5072 0 0 16740 0 72328 50152 78776 71372 7404 1600 0 0 0 254572 715324 768988 17492 751480 
1165 509144 91992 7432 253916 0 322668 7360 0 0 12276 0 68696 49684 78940 71532 7408 1580 0 0 0 254572 707404 768988 17492 751480 
1170 509144 89984 7440 251856 0 325236 6444 0 0 12372 0 72400 50008 78988 71572 7416 1600 0 0 0 254572 715324 768988 17492 751480 
1175 509144 90076 7964 251692 0 324640 7028 0 0 12284 0 72028 50000 79004 71568 7436 1580 0 0 0 254572 711512 768988 17492 751480 
1180 509144 90496 7168 254136 0 329688 1620 0 0 304 0 70020 49956 79116 71712 7404 1600 0 0 0 254572 709700 768988 17492 751480 
1185 509144 90380 7168 251888 0 328308 3440 0 0 12008 0 72708 50048 78932 71532 7400 1632 0 0 0 254572 716696 768988 17492 751480 
1190 509144 92456 7288 249504 0 326792 2652 0 0 12824 0 72668 50048 78940 71536 7404 1620 0 0 0 254572 716176 768988 17492 751480 
1195 509144 89200 7168 254232 0 325980 7008 0 0 23304 200 71604 49956 79012 71548 7464 1600 0 0 0 254572 711396 768988 17492 751480 
1200 509144 90612 7188 251384 0 327916 3280 0 0 10840 0 72640 50048 78916 71496 7420 1608 0 0 0 254572 716356 768988 17492 751480 
1205 509144 92952 7188 248696 0 325580 2924 0 0 9784 1104 72636 50020 79172 71488 7684 1616 0 0 0 254572 715916 768988 17492 751480 
1210 509144 91952 6416 253844 0 328052 4284 0 0 19964 0 72092 50000 76548 69096 7452 1600 0 0 0 254572 711960 768988 17492 751480 
1215 509144 94068 6748 250832 0 328020 2184 0 0 10472 0 72640 50048 76436 69008 7428 1608 0 0 0 254572 716356 768988 17492 751480 
1220 509144 97940 6748 250548 0 322732 3532 0 0 12644 0 68984 49728 76408 69000 7408 1580 0 0 0 254572 707916 768988 17492 751480 
1225 509144 96332 6712 252816 0 322768 5752 0 0 7024 0 69008 49724 75708 68304 7404 1580 0 0 0 254572 707916 768988 17492 751480 
1230 509144 92836 6664 252112 0 329360 3684 0 0 11240 0 74284 49908 75280 67860 7420 1620 0 0 0 254572 714736 768988 17492 751480 
1235 509144 96556 6684 249404 0 325204 3652 0 0 13504 0 72784 49960 75284 67860 7424 1620 0 0 0 254572 716176 768988 17492 751480 
1240 509144 94704 6836 253760 0 326520 6856 0 0 9364 0 72796 49932 72548 65120 7428 1624 0 0 0 254572 716436 768988 17492 751480 
1245 509144 96912 6884 251616 0 326568 4712 0 0 11492 0 72796 49932 72480 65040 7440 1624 0 0 0 254572 716436 768988 17492 751480 
1250 509144 102656 7012 249584 0 321620 3968 0 0 15848 0 69008 49636 72436 65032 7404 1580 0 0 0 254572 707916 768988 17492 751480 
1255 509144 97172 6880 253748 0 329804 3532 0 0 17720 1924 72724 49932 70136 62332 7804 1604 0 0 0 254572 716096 768988 17492 751480 
1260 509144 104320 6956 250584 0 322928 3608 0 0 12632 0 69012 49636 69668 62244 7424 1580 0 0 0 254572 707916 768988 17492 751480 
1265 509144 107476 6956 247592 0 319796 3744 0 0 17292 0 69008 49636 69636 62220 7416 1580 0 0 0 254572 707916 768988 17492 751480 
1270 509144 102964 6804 253764 0 323092 7268 0 0 23824 44 69816 49868 67732 60276 7456 1600 0 0 0 254572 709448 768988 17492 751480 
1275 509144 106740 6848 250544 0 322004 4380 0 0 11196 0 69008 49636 67592 60180 7412 1580 0 0 0 254572 707916 768988 17492 751480 
1280 509144 106188 7164 248008 0 322456 4408 0 0 13372 1476 71708 49868 67596 60168 7428 1580 0 0 0 254572 711056 768988 17492 751480 
1285 509144 104296 6900 254696 0 330132 760 0 0 11100 0 69312 49916 65424 58020 7404 1600 0 0 0 254572 708536 768988 17492 751480 
1290 509144 104016 6908 251352 0 326480 4816 0 0 12852 0 73052 49976 65336 57804 7532 1640 0 0 0 254572 717440 768988 17492 751480 
1295 509144 106528 7740 249688 0 322772 6536 0 0 13060 0 71896 49868 65296 57796 7500 1580 0 0 0 254572 711316 768988 17492 751480 
1300 509144 104336 7184 253560 0 327488 6000 0 0 8212 0 72760 49960 62824 55372 7452 1608 0 0 0 254572 716356 768988 17492 751480 
1305 509144 109528 7192 250564 0 323460 5544 0 0 13952 0 71264 49868 62564 55140 7424 1600 0 0 0 254572 710748 768988 17492 751480 
1310 509144 111948 7244 249256 0 322028 4628 0 0 19696 0 70172 49868 62532 55132 7400 1600 0 0 0 254572 709708 768988 17492 751480 
1315 509144 104576 7056 254188 0 330828 3188 0 0 11180 0 72788 49960 62124 54704 7420 1608 0 0 0 254572 716356 768988 17492 751480 
1320 509144 107704 7060 251060 0 326700 4156 0 0 11492 272 72752 49932 62100 54552 7548 1616 0 0 0 254572 715916 768988 17492 751480 
1325 509144 112320 6976 250944 0 321396 6652 0 0 19184 0 70144 49868 60656 53256 7400 1600 0 0 0 254572 709708 768988 17492 751480 
1330 509144 107080 7164 253316 0 329780 3460 0 0 11556 0 72776 49960 60352 52948 7404 1608 0 0 0 254572 716356 768988 17492 751480 
1335 509144 111320 7164 249236 0 324668 4456 0 0 13152 0 72740 49932 60280 52844 7436 1616 0 0 0 254572 715916 768988 17492 751480 
1340 509144 115668 6760 250200 0 317872 8444 0 0 12108 0 69372 49868 59052 51644 7408 1600 0 0 0 254572 708928 768988 17492 751480 
1345 509144 111692 7008 251560 0 327068 4020 0 0 10792 0 72536 49868 58220 50812 7408 1604 0 0 0 254572 712176 768988 17492 751480 
1350 509144 111156 7008 250692 0 326848 4276 0 0 13372 0 73440 49976 58344 50776 7568 1640 0 0 0 254572 717700 768988 17492 751480 
1355 509144 113676 6780 251416 0 321980 8700 0 0 12492 0 72500 49868 56636 49228 7408 1600 0 0 0 254572 711916 768988 17492 751480 
1360 509144 111684 6792 251436 0 328624 4384 0 0 11496 0 74796 49956 56400 48988 7412 1620 0 0 0 254572 715180 768988 17492 751480 
1365 509144 114772 6808 249736 0 327068 2252 0 0 11692 1616 72792 49960 56588 48916 7672 1620 0 0 0 254572 716176 768988 17492 751480 
1370 509144 114996 6624 252484 0 324736 7132 0 0 13120 0 72776 49932 53820 46408 7412 1624 0 0 0 254572 716436 768988 17492 751480 
1375 509144 119024 6896 251140 0 324364 3980 0 0 12812 0 70324 49868 53604 46180 7424 1580 0 0 0 254572 709628 768988 17492 751480 
1380 509144 122380 6944 248668 0 321704 3124 0 0 14148 0 69232 49916 53532 46108 7424 1580 0 0 0 254572 708196 768988 17492 751480 
1385 509144 118592 6592 251108 0 323532 6720 0 0 16000 0 72568 49868 52176 44760 7416 1604 0 0 0 254572 712176 768988 17492 751480 
1390 509144 121204 6824 251412 0 322144 5084 0 0 13792 0 69008 49636 52176 44764 7412 1580 0 0 0 254572 707916 768988 17492 751480 
1395 509144 121048 6840 247960 0 324584 2848 0 0 14744 0 72648 49932 52252 44756 7496 1596 0 0 0 254572 715576 768988 17492 751480 
1400 509144 119296 7456 252788 0 324044 6488 0 0 5820 0 70304 49740 50804 43368 7436 1708 0 0 0 254572 710400 768988 17492 751480 
1405 509144 119752 7692 251224 0 324944 5956 0 0 12124 0 72000 49868 50312 42864 7448 1580 0 0 0 254572 711316 768988 17492 751480 
1410 509144 124544 7700 249220 0 321320 4592 0 0 16536 0 69008 49636 50280 42864 7416 1580 0 0 0 254572 707916 768988 17492 751480 
1415 509144 118452 7112 253496 0 325752 7424 0 0 19404 48 72584 49868 49392 41952 7440 1604 0 0 0 254572 712176 768988 17492 751480 
1420 509144 117940 7304 253296 0 328048 5284 0 0 12236 516 72748 49960 49416 41980 7436 1608 0 0 0 254572 716356 768988 17492 751480 
1425 509144 120280 7328 250976 0 326640 4360 0 0 15268 0 72712 49960 49412 41972 7440 1600 0 0 0 254572 715836 768988 17492 751480 
1430 509144 121808 6632 253804 0 328192 1236 0 0 6680 0 69008 49636 49452 42024 7428 1580 0 0 0 254572 707916 768988 17492 751480 
1435 509144 155304 7240 215328 0 191008 108572 0 0 13496 0 77028 50272 45924 38704 7220 1616 0 0 0 254572 720580 768988 17492 751480 
1440 509144 130868 7836 237744 0 318960 3316 0 0 4832 0 76712 49932 47396 40008 7388 1624 0 0 0 254572 719536 768988 17492 751480 
1445 509144 124188 7836 242564 0 326804 2020 0 0 20 0 78440 49892 47948 40724 7224 1588 0 0 0 254572 718204 768988 17492 751480 
1450 509144 125768 7940 242252 0 324104 2876 0 0 3188 0 76804 49960 47964 40732 7232 1628 0 0 0 254572 720316 768988 17492 751480 
1455 509144 186604 7548 184680 0 193908 74608 0 0 0 0 76304 49940 45588 38612 6976 1588 0 0 0 254572 719124 768988 17492 751480 
1460 509144 188428 7548 184692 0 266292 920 0 0 20 0 74988 49852 45488 38612 6876 1568 0 0 0 254572 713956 768988 17492 751480 
1465 509144 193644 7792 184844 0 264536 1048 0 0 32 0 72964 49620 41412 35012 6400 1548 0 0 0 254572 711384 768988 17492 751480 
1470 509144 181576 8004 191508 0 268788 8812 0 0 13728 0 78104 49984 41344 34944 6400 1644 0 0 0 254572 718776 768988 17492 751480 
1475 509144 104464 8128 260936 0 333156 12560 0 0 16964 0 76668 49868 50864 43592 7272 1608 0 0 0 254572 716060 768988 17492 751480 
1480 509144 56560 9452 297248 0 381156 4976 0 0 5924 0 79448 49916 57812 50000 7812 1632 0 0 0 254572 719684 768988 17492 751480 
1485 509144 8828 10692 336696 0 417956 7552 0 0 6124 0 78136 49932 66292 57852 8440 1612 0 0 0 254572 722832 768988 17492 751480 
1490 509144 4092 3976 344968 0 328664 99480 0 0 3072 0 79220 49988 68336 59580 8756 1708 0 0 0 254572 726884 768988 17492 751480 
1495 509144 3728 7332 335488 0 266204 160792 0 0 3032 0 84192 50000 69828 61084 8744 1660 0 0 0 254572 730528 768988 17492 751480 
1500 509144 3936 7400 333964 0 268012 156744 0 0 1972 0 83408 49984 71912 63116 8796 1660 0 0 0 254572 730408 768988 17492 751480 
1505 509144 4184 6752 333932 0 228496 195984 0 0 2228 0 83812 50000 72192 63424 8768 1660 0 0 0 254572 731112 768988 17492 751480 
1510 509144 3780 7660 332816 0 250172 174652 0 0 832 336 84364 50000 71852 63032 8820 1660 0 0 0 254572 731408 768988 17492 751480 
1515 509144 3812 7808 332956 0 233108 191732 0 0 2888 0 84092 50000 72004 63232 8772 1660 0 0 0 254572 731112 768988 17492 751480 
1520 509144 6092 7780 329068 0 227432 193484 0 0 1376 0 84084 49908 74072 65348 8724 1616 0 0 0 254572 724252 768988 17492 751480 
1525 509144 4532 8580 327808 0 241364 179944 0 0 664 0 84936 50000 74816 66024 8792 1660 0 0 0 254572 732156 768988 17492 751480 
1530 509144 3876 8464 327460 0 227804 192728 0 0 2104 0 84624 49992 76460 67752 8708 1660 0 0 0 254572 731892 768988 17492 751480 
1535 509144 3636 7880 330692 0 214172 207648 0 0 1576 0 83264 49956 75372 66668 8704 1636 0 0 0 254572 723736 768988 17492 751480 
1540 509144 3860 8556 329872 0 219156 204536 0 0 2640 0 85280 50008 73208 64488 8720 1660 0 0 0 254572 732564 768988 17492 751480 
1545 509144 4152 9836 331260 0 213336 209592 0 0 612 0 81848 49956 73856 65056 8800 1632 0 0 0 254572 722148 768988 17492 751480 
1550 509144 4556 10568 324684 0 230328 190048 0 0 2256 0 85140 50000 75916 67180 8736 1660 0 0 0 254572 732672 768988 17492 751480 
1555 509144 5216 10008 330236 0 199096 220508 0 0 996 0 79376 49916 76196 67516 8680 1632 0 0 0 254572 719396 768988 17492 751480 
1560 509144 3728 9880 333008 0 207576 215572 0 0 2340 0 80276 49984 74068 65376 8692 1656 0 0 0 254572 728336 768988 17492 751480 
1565 509144 4456 8244 331708 0 204180 220900 0 0 1124 0 85144 49976 71272 62540 8732 1616 0 0 0 254572 725216 768988 17492 751480 
1570 509144 4364 9560 328824 0 220768 202908 0 0 4828 0 85308 49992 72644 63956 8688 1660 0 0 0 254572 733276 768988 17492 751480 
1575 509144 3804 9336 329168 0 200016 224068 0 0 1796 360 85596 50000 72656 63928 8728 1660 0 0 0 254572 733588 768988 17492 751480 
1580 509144 4968 9204 328496 0 183680 237372 0 0 1544 0 83368 49916 74552 65892 8660 1636 0 0 0 254572 723680 768988 17492 751480 
1585 509144 3960 9060 328832 0 186736 237384 0 0 1472 436 86244 50008 72900 64212 8688 1660 0 0 0 254572 734384 768988 17492 751480 
1590 509144 4392 9280 329820 0 188172 236752 0 0 568 124 85840 49992 71492 62736 8756 1636 0 0 0 254572 726356 768988 17492 751480 
1595 509144 4192 9792 329092 0 191588 233072 0 0 1276 8 85792 50000 72052 63384 8668 1660 0 0 0 254572 733972 768988 17492 751480 
1600 509144 4340 10088 330540 0 186968 237060 0 0 2436 0 83416 49984 72340 63712 8628 1656 0 0 0 254572 731584 768988 17492 751480 
1605 509144 9128 10832 327344 0 184216 234160 0 0 0 0 80216 49924 73184 64500 8684 1612 0 0 0 254572 719696 768988 17492 751480 
1610 509144 3984 10460 332296 0 174940 248904 0 0 840 0 81104 49984 73108 64548 8560 1656 0 0 0 254572 729636 768988 17492 751480 
1615 509144 9224 10688 329760 0 172420 247540 0 0 908 0 79528 49964 71900 63392 8508 1632 0 0 0 254572 719756 768988 17492 751480 
1620 509144 4580 10364 333144 0 199236 224652 0 0 1444 0 80396 49968 72376 63816 8560 1636 0 0 0 254572 727592 768988 17492 751480 
1625 509144 7896 10224 331312 0 191348 230436 0 0 972 284 80264 49924 71224 62636 8588 1612 0 0 0 254572 719696 768988 17492 751480 
1630 509144 4496 10896 328452 0 190252 231348 0 0 1244 0 82268 49964 74572 66100 8472 1632 0 0 0 254572 722440 768988 17492 751480 
1635 509144 3488 10676 332524 0 191796 232612 0 0 1140 12 81224 50100 72936 64444 8492 1680 0 0 0 254572 729468 768988 17492 751480 
1640 509144 4424 10844 326868 0 181552 242168 0 0 992 848 86024 49984 72656 64148 8508 1636 0 0 0 254572 727220 768988 17492 751480 
1645 509144 4464 11292 324860 0 183372 239756 0 0 1380 0 86992 50000 73204 64748 8456 1660 0 0 0 254572 734688 768988 17492 751480 
1650 509144 4428 10912 329144 0 189688 236404 0 0 628 144 86052 49992 70168 61580 8588 1636 0 0 0 254572 726356 768988 17492 751480 
1655 509144 4316 11640 324372 0 180380 241672 0 0 680 564 86056 49984 74416 65744 8672 1636 0 0 0 254572 727500 768988 17492 751480 
1660 509144 4480 10608 323212 0 197000 223432 0 0 2912 0 86628 50008 75872 67544 8328 1660 0 0 0 254572 734384 768988 17492 751480 
1665 509144 4044 10256 325392 0 193816 228016 0 0 1124 0 86200 49992 74732 66452 8280 1636 0 0 0 254572 726356 768988 17492 751480 
1670 509144 4032 10728 329684 0 182012 240996 0 0 180 628 82612 49956 73736 65564 8172 1636 0 0 0 254572 723844 768988 17492 751480 
1675 509144 3992 10972 328304 0 196516 229336 0 0 1112 0 86592 49992 71020 62848 8172 1636 0 0 0 254572 726660 768988 17492 751480 
1680 509144 4220 11708 326052 0 203984 219896 0 0 748 548 86136 49992 72788 64524 8264 1636 0 0 0 254572 726356 768988 17492 751480 
1685 509144 4256 11308 328116 0 201332 221056 0 0 8 48 82980 49964 74160 66104 8056 1636 0 0 0 254572 723268 768988 17492 751480 
1690 509144 4424 10388 325212 0 193304 228932 0 0 2028 0 86652 50000 74352 66272 8080 1660 0 0 0 254572 734384 768988 17492 751480 
1695 509144 4464 10664 330240 0 186388 236464 0 0 1892 4 81964 49916 73496 65504 7992 1632 0 0 0 254572 721996 768988 17492 751480 
1700 509144 4456 11200 328800 0 194444 229472 0 0 1180 548 83932 49984 72172 64288 7884 1660 0 0 0 254572 733508 768988 17492 751480 
1705 509144 10404 10160 327576 0 191436 226764 0 0 1004 0 80480 49924 72028 64052 7976 1612 0 0 0 254572 719956 768988 17492 751480 
1710 509144 3636 10332 330500 0 196172 227528 0 0 1068 0 82884 49916 73548 65804 7744 1636 0 0 0 254572 723036 768988 17492 751480 
1715 509144 4768 9996 332364 0 197384 225576 0 0 368 664 80616 49964 73256 65540 7716 1636 0 0 0 254572 729256 768988 17492 751480 
1720 509144 8960 10028 335648 0 179596 240664 0 0 736 0 74600 49876 71620 63996 7624 1608 0 0 0 254572 714112 768988 17492 751480 
1725 509144 4416 10664 334500 0 190556 236020 0 0 1400 0 81428 49976 69616 61932 7684 1636 0 0 0 254572 729556 768988 17492 751480 
1730 509144 4484 11416 325828 0 195412 227880 0 0 532 632 86064 49984 72828 65100 7728 1636 0 0 0 254572 727480 768988 17492 751480 
1735 509144 3728 11556 329708 0 191632 232200 0 0 1072 0 82584 49964 73472 65948 7524 1632 0 0 0 254572 722704 768988 17492 751480 
1740 509144 4424 11312 326140 0 201724 222232 0 0 0 0 86516 50004 72376 64832 7544 1660 0 0 0 254572 734384 768988 17492 751480 
1745 509144 4508 10668 326824 0 194484 228984 0 0 748 628 85992 50064 72836 65308 7528 1660 0 0 0 254572 727648 768988 17492 751480 
1750 509144 4504 11244 325604 0 191404 231968 0 0 4092 0 86540 49992 72976 65592 7384 1660 0 0 0 254572 734200 768988 17492 751480 
1755 509144 4548 10688 329016 0 192272 233984 0 0 1328 120 86568 49984 70040 62596 7444 1616 0 0 0 254572 726320 768988 17492 751480 
1760 509144 4300 11424 326684 0 190696 233600 0 0 52 604 86204 49992 72088 64404 7684 1636 0 0 0 254572 727500 768988 17492 751480 
1765 509144 3884 11660 325312 0 201736 221748 0 0 3028 0 86528 50008 73584 66276 7308 1660 0 0 0 254572 734384 768988 17492 751480 
1770 509144 4556 10748 327108 0 198248 225608 0 0 800 740 86016 49984 72244 64952 7292 1616 0 0 0 254572 726016 768988 17492 751480 
1775 509144 4324 11328 327932 0 188712 234216 0 0 60 188 83684 49964 73548 66392 7156 1636 0 0 0 254572 725140 768988 17492 751480 
1780 509144 4324 11516 328044 0 194664 231448 0 0 868 0 86568 49992 70672 63524 7148 1636 0 0 0 254572 726660 768988 17492 751480 
1785 509144 4568 11404 333644 0 187076 238608 0 0 1048 0 80652 49932 70676 63420 7256 1632 0 0 0 254572 720300 768988 17492 751480 
1790 509144 4248 11148 327468 0 197284 226368 0 0 68 16 85052 49916 72948 65928 7020 1636 0 0 0 254572 725372 768988 17492 751480 
1795 509144 3912 10744 325456 0 203684 219220 0 0 1388 0 86720 49992 74152 67120 7032 1660 0 0 0 254572 734536 768988 17492 751480 
1800 509144 4464 11324 330936 0 181696 241332 0 0 1368 0 80784 49916 73384 66484 6900 1632 0 0 0 254572 721164 768988 17492 751480 
1805 509144 6424 10400 333560 0 189516 235088 0 0 124 608 80660 49976 69636 62700 6936 1656 0 0 0 254572 729080 768988 17492 751480 
1810 509144 4012 11428 327744 0 194024 231176 0 0 912 0 86044 49948 71696 64728 6968 1636 0 0 0 254572 726024 768988 17492 751480 
1815 509144 3828 11464 331288 0 206260 219700 0 0 2160 0 83224 49980 71220 64340 6880 1656 0 0 0 254572 731196 768988 17492 751480 
1820 509144 4176 10632 332656 0 189556 234460 0 0 80 0 80744 49916 72764 65984 6780 1612 0 0 0 254572 720136 768988 17492 751480 
1825 509144 5976 10360 329856 0 189620 231412 0 0 1304 0 80832 49908 73856 67204 6652 1632 0 0 0 254572 720960 768988 17492 751480 
1830 509144 4316 9584 329152 0 207084 217828 0 0 1504 4 86192 50000 71736 65068 6668 1660 0 0 0 254572 734104 768988 17492 751480 
1835 509144 3748 10132 330620 0 199496 227304 0 0 300 508 86064 49984 70400 63724 6676 1636 0 0 0 254572 727352 768988 17492 751480 
1840 509144 4632 11512 329552 0 191204 233228 0 0 852 0 83384 49948 71864 64988 6876 1632 0 0 0 254572 723560 768988 17492 751480 
1845 509144 4652 11532 326784 0 197248 227212 0 0 360 0 86160 50008 71816 65404 6412 1660 0 0 0 254572 734236 768988 17492 751480 
1850 509144 4012 10432 332948 0 196844 229540 0 0 176 328 83020 49948 70608 64172 6436 1632 0 0 0 254572 724444 768988 17492 751480 
1855 509144 3756 10224 330544 0 189236 235892 0 0 2140 0 84376 50068 71688 65320 6368 1764 0 0 0 254572 725840 768988 17492 751480 
1860 509144 3920 9560 330352 0 201908 224392 0 0 1264 0 86404 49992 70832 64448 6384 1636 0 0 0 254572 726472 768988 17492 751480 
1865 509144 3884 10040 331784 0 194240 232096 0 0 320 376 84528 49956 70624 64088 6536 1636 0 0 0 254572 726000 768988 17492 751480 
1870 509144 3852 10696 329428 0 200272 224904 0 0 2200 0 85068 49916 71796 65516 6280 1636 0 0 0 254572 725112 768988 17492 751480 
1875 509144 4160 9820 329680 0 197172 227176 0 0 940 0 84864 49992 72468 66176 6292 1660 0 0 0 254572 732904 768988 17492 751480 
1880 509144 9060 9668 336020 0 179784 240536 0 0 44 4 74648 49876 71536 65660 5876 1608 0 0 0 254572 715128 768988 17492 751480 
1885 509144 3804 10776 335196 0 196320 231876 0 0 1412 0 82240 49992 69024 63120 5904 1656 0 0 0 254572 730180 768988 17492 751480 
1890 509144 4260 10908 330188 0 195284 232036 0 0 700 0 86240 49992 69404 63488 5916 1636 0 0 0 254572 726488 768988 17492 751480 
1895 509144 4472 11460 331256 0 191164 233756 0 0 176 0 82220 49964 71348 65584 5764 1632 0 0 0 254572 722620 768988 17492 751480 
1900 509144 4424 11536 327740 0 198644 226124 0 0 8 0 85508 49984 71840 66032 5808 1660 0 0 0 254572 733684 768988 17492 751480 
1905 509144 11572 10668 328608 0 180228 238352 0 0 1004 0 79320 49964 71004 65296 5708 1632 0 0 0 254572 719584 768988 17492 751480 
1910 509144 6168 10116 335552 0 194000 232328 0 0 180 368 80676 49968 68320 62528 5792 1636 0 0 0 254572 728868 768988 17492 751480 
1915 509144 4500 10316 328660 0 200136 225408 0 0 1120 0 86584 49976 70588 64736 5852 1636 0 0 0 254572 726512 768988 17492 751480 
1920 509144 3580 11216 335932 0 191700 235348 0 0 1976 0 79916 49964 70308 64636 5672 1632 0 0 0 254572 720104 768988 17492 751480 
1925 509144 4488 11512 328660 0 203260 223400 0 0 144 0 86504 49992 69612 64000 5612 1640 0 0 0 254572 734200 768988 17492 751480 
1930 509144 4408 10944 331472 0 190172 234836 0 0 1564 0 82608 49948 71248 65556 5692 1632 0 0 0 254572 722780 768988 17492 751480 
1935 509144 3984 10992 329904 0 191076 234620 0 0 2548 0 84816 49964 71080 65500 5580 1636 0 0 0 254572 725168 768988 17492 751480 
1940 509144 4424 10584 330848 0 200036 226504 0 0 200 340 85124 49948 69720 64076 5644 1636 0 0 0 254572 726520 768988 17492 751480 
1945 509144 3676 10244 331740 0 203600 224896 0 0 1092 0 86528 49984 68816 63060 5756 1636 0 0 0 254572 726512 768988 17492 751480 
1950 509144 4620 11144 331408 0 193360 231088 0 0 432 0 81912 49916 71596 66084 5512 1632 0 0 0 254572 722128 768988 17492 751480 
1955 509144 3636 11772 331160 0 199828 226040 0 0 124 64 82952 49984 71024 65500 5524 1656 0 0 0 254572 732600 768988 17492 751480 
1960 509144 4152 11268 331176 0 190752 238328 0 0 936 332 86652 49976 67816 62212 5604 1640 0 0 0 254572 726772 768988 17492 751480 
1965 509144 4628 11348 329420 0 184816 242176 0 0 644 28 86240 50000 69008 63576 5432 1660 0 0 0 254572 734104 768988 17492 751480 
1970 509144 4508 11976 330676 0 192148 234688 0 0 52 136 84200 50152 69704 64160 5544 1660 0 0 0 254572 725684 768988 17492 751480 
1975 509144 3976 11760 331128 0 198472 230968 0 0 1152 0 86568 49992 67608 62344 5264 1636 0 0 0 254572 726512 768988 17492 751480 
1980 509144 4032 11984 331908 0 206308 218248 0 0 8 0 80680 49932 72104 67156 4948 1632 0 0 0 254572 727984 768988 17492 751480 
1985 509144 4704 11348 328728 0 195972 229928 0 0 236 128 85840 49948 70496 65464 5032 1636 0 0 0 254572 727300 768988 17492 751480 
1990 509144 3652 11428 330132 0 194236 233616 0 0 1120 0 86308 49964 69360 64408 4952 1636 0 0 0 254572 726472 768988 17492 751480 
1995 509144 3912 9020 333744 0 202848 226140 0 0 1156 0 86240 49992 68112 63044 5068 1636 0 0 0 254572 726488 768988 17492 751480 
2000 509144 4464 10532 335992 0 187204 241248 0 0 20 20 81944 49956 67920 62736 5184 1632 0 0 0 254572 722460 768988 17492 751480 
2005 509144 4760 11568 329372 0 200104 225536 0 0 4 0 84716 49964 70368 65528 4840 1636 0 0 0 254572 724952 768988 17492 751480 
2010 509144 4416 10272 330888 0 195112 230108 0 0 1256 0 84076 49956 71392 66452 4940 1636 0 0 0 254572 724360 768988 17492 751480 
2015 509144 4844 10676 333932 0 180724 245848 0 0 68 0 81980 49964 69368 64572 4796 1632 0 0 0 254572 722360 768988 17492 751480 
2020 509144 4324 9924 329776 0 196752 230096 0 0 900 0 87164 50008 69372 64552 4820 1660 0 0 0 254572 734820 768988 17492 751480 
2025 509144 4768 11060 334632 0 198916 229716 0 0 1728 0 82956 50060 67188 62204 4984 1760 0 0 0 254572 724376 768988 17492 751480 
2030 509144 5472 11668 333284 0 189044 236352 0 0 204 0 80460 49956 70144 65604 4540 1612 0 0 0 254572 720536 768988 17492 751480 
2035 509144 4488 11288 326712 0 207512 217748 0 0 1480 0 87276 50008 71128 66612 4516 1660 0 0 0 254572 735340 768988 17492 751480 
2040 509144 4556 11256 328712 0 188108 238224 0 0 1544 0 86380 49984 69816 65216 4600 1636 0 0 0 254572 726748 768988 17492 751480 
2045 509144 3768 11456 332800 0 186748 241264 0 0 208 0 83772 49956 69076 64600 4476 1616 0 0 0 254572 724096 768988 17492 751480 
2050 509144 4424 9240 331896 0 210620 217316 0 0 1032 0 86816 49992 68436 63860 4576 1636 0 0 0 254572 727052 768988 17492 751480 
2055 509144 3692 11268 334576 0 203956 225652 0 0 1448 0 83780 49956 67668 62992 4676 1632 0 0 0 254572 724360 768988 17492 751480 
2060 509144 3744 11076 327128 0 200816 224364 0 0 524 0 86992 49956 71832 67344 4488 1656 0 0 0 254572 735348 768988 17492 751480 
2065 509144 4588 10648 329700 0 182240 244292 0 0 832 0 86200 49984 69740 65204 4536 1636 0 0 0 254572 726468 768988 17492 751480 
2070 509144 4504 11252 331960 0 181484 245748 0 0 1564 0 84036 49964 69032 64556 4476 1636 0 0 0 254572 724388 768988 17492 751480 
2075 509144 4372 10400 331724 0 205228 222812 0 0 92 140 85932 49940 68512 64008 4504 1636 0 0 0 254572 727168 768988 17492 751480 
2080 509144 4808 11052 336552 0 201032 228484 0 0 748 48 81928 49948 66480 61800 4680 1632 0 0 0 254572 722132 768988 17492 751480 
2085 509144 4720 11596 331248 0 198032 226672 0 0 24 0 81876 49916 71256 66752 4504 1632 0 0 0 254572 722128 768988 17492 751480 
2090 509144 4120 10560 330580 0 195592 231868 0 0 144 528 86336 50000 69244 64628 4616 1660 0 0 0 254572 735768 768988 17492 751480 
2095 509144 11276 11676 329172 0 178064 242372 0 0 1296 0 79604 49960 69104 64604 4500 1632 0 0 0 254572 719224 768988 17492 751480 
2100 509144 4276 11236 330004 0 190636 236756 0 0 1016 0 86168 50000 69148 64584 4564 1664 0 0 0 254572 734104 768988 17492 751480 
2105 509144 7616 9920 336680 0 192516 234520 0 0 44 92 80452 49924 66080 61516 4564 1612 0 0 0 254572 720972 768988 17492 751480 
2110 509144 4152 11464 332500 0 189764 238328 0 0 636 0 84144 49940 68732 63936 4796 1636 0 0 0 254572 724596 768988 17492 751480 
2115 509144 4480 10764 332956 0 196756 227864 0 0 1032 0 80916 49984 71656 67232 4424 1656 0 0 0 254572 729508 768988 17492 751480 
2120 509144 3720 10340 335904 0 182548 247152 0 0 176 168 83472 49948 67552 63108 4444 1632 0 0 0 254572 724964 768988 17492 751480 
2125 509144 4512 11212 331356 0 187852 239756 0 0 664 0 85056 49916 68776 64408 4368 1636 0 0 0 254572 725244 768988 17492 751480 
2130 509144 4212 10304 332044 0 204872 222560 0 0 1376 0 85100 49948 68904 64336 4568 1636 0 0 0 254572 725376 768988 17492 751480 
2135 509144 4296 10460 333584 0 203392 226704 0 0 52 68 86068 49992 66552 61948 4604 1636 0 0 0 254572 726208 768988 17492 751480 
2140 509144 8820 11288 329784 0 197808 222800 0 0 4 0 79552 49868 71432 67028 4404 1592 0 0 0 254572 718708 768988 17492 751480 
2145 509144 4176 10776 333372 0 188232 240064 0 0 1224 0 84164 50160 68548 64092 4456 1660 0 0 0 254572 724800 768988 17492 751480 
2150 509144 4124 11232 332528 0 186588 241504 0 0 1004 0 84348 49964 68716 64364 4352 1636 0 0 0 254572 724960 768988 17492 751480 
2155 509144 3720 8492 334548 0 206652 223564 0 0 1948 0 87192 50008 66952 62568 4384 1664 0 0 0 254572 734820 768988 17492 751480 
2160 509144 4460 9460 334588 0 206592 223700 0 0 1684 0 86260 49992 65948 61424 4524 1636 0 0 0 254572 726488 768988 17492 751480 
2165 509144 3992 10564 331532 0 205604 221304 0 0 1296 0 84828 49964 69916 65552 4364 1636 0 0 0 254572 725244 768988 17492 751480 
2170 509144 4548 10888 329368 0 199476 227624 0 0 976 524 86860 50008 69200 64756 4444 1664 0 0 0 254572 735036 768988 17492 751480 
2175 509144 4540 10440 331148 0 189196 238764 0 0 1044 0 86388 49992 68492 64052 4440 1636 0 0 0 254572 726748 768988 17492 751480 
2180 509144 4496 10632 329388 0 191936 235468 0 0 2220 0 87400 49992 68952 64608 4344 1660 0 0 0 254572 735368 768988 17492 751480 
2185 509144 4680 10484 337444 0 206652 223036 0 0 888 0 81776 49948 66472 62040 4432 1612 0 0 0 254572 721812 768988 17492 751480 
2190 509144 3892 11200 331296 0 194120 234628 0 0 1364 0 86268 49984 68276 63680 4596 1616 0 0 0 254572 726148 768988 17492 751480 
2195 509144 3868 11316 326864 0 197608 228688 0 0 584 256 88132 49968 70736 66376 4360 1640 0 0 0 254572 735660 768988 17492 751480 
2200 509144 4424 11568 325312 0 197968 229956 0 0 1220 0 91060 49940 68232 63800 4432 1640 0 0 0 254572 731616 768988 17492 751480 
2205 509144 4232 11752 324884 0 199508 228336 0 0 604 320 91224 49964 68924 64552 4372 1640 0 0 0 254572 731668 768988 17492 751480 
2210 509144 3688 9820 327420 0 214472 215604 0 0 24 168 92852 49984 67052 62636 4416 1640 0 0 0 254572 734112 768988 17492 751480 
2215 509144 3844 11532 318532 0 209124 220796 0 0 1296 0 99872 49984 67172 62516 4656 1648 0 0 0 254572 739836 768988 17492 751480 
2220 509144 7580 11616 317008 0 208216 213848 0 0 4 0 93456 49908 71224 66868 4356 1644 0 0 0 254572 733896 768988 17492 751480 
2225 509144 4588 11748 315528 0 206828 219960 0 0 232 400 99528 49984 69160 64780 4380 1648 0 0 0 254572 740936 768988 17492 751480 
2230 509144 4024 12168 313064 0 206800 221356 0 0 1416 0 102940 49964 68628 64332 4296 1652 0 0 0 254572 742984 768988 17492 751480 
2235 509144 4384 10540 312744 0 215512 214160 0 0 1212 0 106404 49992 66960 62520 4440 1652 0 0 0 254572 746360 768988 17492 751480 
2240 509144 3956 11144 310800 0 211144 216644 0 0 200 0 105860 49960 69072 64544 4528 1652 0 0 0 254572 745912 768988 17492 751480 
2245 509144 4612 11288 306368 0 209596 216140 0 0 1088 0 108096 49908 70388 66056 4332 1656 0 0 0 254572 748188 768988 17492 751480 
2250 509144 4184 11224 304836 0 217388 211444 0 0 1724 4 112788 50000 67980 63608 4372 1684 0 0 0 254572 761076 768988 17492 751480 
2255 509144 4116 11700 300932 0 209696 218536 0 0 1088 0 115616 49964 68664 64380 4284 1664 0 0 0 254572 756096 768988 17492 751480 
2260 509144 4500 11088 298120 0 222196 207180 0 0 1340 0 120184 50008 66992 62552 4440 1692 0 0 0 254572 767836 768988 17492 751480 
2265 509144 4328 11540 298452 0 219832 209328 0 0 1084 0 119184 49984 67056 62556 4500 1648 0 0 0 254572 759164 768988 17492 751480 
2270 509144 3752 11240 292640 0 226112 200964 0 0 1156 0 123212 49956 69884 65572 4312 1672 0 0 0 254572 763440 768988 17492 751480 
2275 509144 4604 10296 293276 0 224404 202540 0 0 1376 0 123388 49992 69212 64904 4308 1692 0 0 0 254572 771448 768988 17492 751480 
2280 509144 7928 10636 296400 0 208288 215968 0 0 1564 0 117236 49916 68812 64488 4324 1664 0 0 0 254572 757296 768988 17492 751480 
2285 509144 4416 9764 293824 0 227940 201412 0 0 208 104 125780 50000 67140 62776 4364 1696 0 0 0 254572 773684 768988 17492 751480 
2290 509144 3896 10220 290752 0 237980 192788 0 0 744 0 129812 49948 66312 61904 4408 1676 0 0 0 254572 769964 768988 17492 751480 
2295 509144 4360 11504 283708 0 230516 196896 0 0 852 0 132216 49984 69084 64392 4692 1680 0 0 0 254572 772352 768988 17492 751480 
2300 509144 4124 10904 283140 0 245504 182496 0 0 660 0 133972 49940 68804 64532 4272 1684 0 0 0 254572 780940 768988 17492 751480 
2305 509144 5136 9596 280384 0 234552 192268 0 0 1416 0 136856 49948 68696 64304 4392 1684 0 0 0 254572 777304 768988 17492 751480 
2310 509144 4000 9572 280756 0 232848 196348 0 0 964 0 138884 49992 67676 63408 4268 1704 0 0 0 254572 786552 768988 17492 751480 
2315 509144 4168 9912 279756 0 242696 185744 0 0 84 0 138788 49980 68252 63884 4368 1684 0 0 0 254572 778916 768988 17492 751480 
2320 509144 4596 11008 271100 0 245404 182720 0 0 1124 0 146032 50100 67996 63444 4552 1716 0 0 0 254572 786396 768988 17492 751480 
2325 509144 4380 10848 271000 0 246804 179344 0 0 16 0 144316 49916 70388 66136 4252 1692 0 0 0 254572 784384 768988 17492 751480 
2330 509144 3952 10412 277768 0 247988 180960 0 0 392 0 140784 49984 67972 63664 4308 1712 0 0 0 254572 788780 768988 17492 751480 
2335 509144 3640 11864 264372 0 236356 191684 0 0 1144 0 151820 49940 68840 64476 4364 1680 0 0 0 254572 791524 768988 17492 751480 
2340 509144 3892 11488 267340 0 244064 185524 0 0 1268 0 150776 49956 67512 63280 4232 1700 0 0 0 254572 791008 768988 17492 751480 
2345 509144 3988 10972 267808 0 250272 178556 0 0 100 156 150064 49948 67684 63288 4396 1700 0 0 0 254572 790696 768988 17492 751480 
2350 509144 3620 11680 261624 0 258884 170520 0 0 576 580 156116 49964 67856 63604 4252 1704 0 0 0 254572 796060 768988 17492 751480 
2355 509144 4480 8940 263844 0 238120 188884 0 0 1312 0 154236 49984 69200 64952 4248 1704 0 0 0 254572 801968 768988 17492 751480 
2360 509144 11392 9844 260216 0 228516 192920 0 0 44 348 151392 49920 67844 63552 4292 1680 0 0 0 254572 790976 768988 17492 751480 
2365 509144 4044 9948 252648 0 256964 171204 0 0 1964 0 165588 49988 68552 64248 4304 1736 0 0 0 254572 813300 768988 17492 751480 
2370 509144 4196 10544 255600 0 257140 174228 0 0 1000 0 165240 49992 65404 60980 4424 1712 0 0 0 254572 805456 768988 17492 751480 
2375 509144 4456 11620 250404 0 249428 178940 0 0 1428 0 166360 49956 67976 63712 4264 1716 0 0 0 254572 806792 768988 17492 751480 
2380 509144 4488 11540 243060 0 262640 164304 0 0 760 0 172360 49984 69184 64984 4200 1740 0 0 0 254572 820720 768988 17492 751480 
2385 509144 4340 9916 246676 0 246340 182176 0 0 1068 0 171940 49984 67752 63488 4264 1716 0 0 0 254572 812540 768988 17492 751480 
2390 509144 10696 10856 241288 0 257312 165312 0 0 1320 0 170496 49884 67272 63068 4204 1724 0 0 0 254572 810308 768988 17492 751480 
2395 509144 4184 9416 248244 0 263116 167604 0 0 1832 0 173076 49956 65900 61628 4272 1724 0 0 0 254572 813728 768988 17492 751480 
2400 509144 3924 9824 239964 0 254336 173936 0 0 1240 0 178500 49992 68644 64208 4436 1728 0 0 0 254572 819104 768988 17492 751480 
2405 509144 9860 10064 217568 0 275180 146504 0 0 4 0 194068 49868 69400 65204 4196 1724 0 0 0 254572 833724 768988 17492 751480 
2410 509144 3704 11040 221896 0 272936 156204 0 0 1288 0 196220 49956 67832 63568 4264 1744 0 0 0 254572 836548 768988 17492 751480 
2415 509144 3996 11760 222536 0 267604 164208 0 0 1148 0 197532 49956 65072 60716 4356 1744 0 0 0 254572 837976 768988 17492 751480 
2420 509144 4496 11588 192420 0 291036 137304 0 0 1496 0 224348 50000 67736 63520 4216 1792 0 0 0 254572 872648 768988 17492 751480 
2425 509144 3812 11756 195780 0 292220 138932 0 0 1104 0 223632 49992 65836 61560 4276 1768 0 0 0 254572 863988 768988 17492 751480 
2430 509144 4184 10572 197440 0 288348 143452 0 0 1112 0 223804 49992 64732 60192 4540 1768 0 0 0 254572 863988 768988 17492 751480 
2435 509144 3748 12472 174920 0 306440 123472 0 0 288 336 242536 49956 67200 62844 4356 1788 0 0 0 254572 882936 768988 17492 751480 
2440 509144 4456 10900 175932 0 309592 118992 0 0 760 0 241768 49956 67776 63520 4256 1788 0 0 0 254572 881968 768988 17492 751480 
2445 509144 3904 10176 174332 0 308828 121528 0 0 860 0 245864 49948 66376 62056 4320 1772 0 0 0 254572 885780 768988 17492 751480 
2450 509144 4108 10468 157364 0 323648 106304 0 0 584 0 262136 49956 66620 62116 4504 1812 0 0 0 254572 902420 768988 17492 751480 
2455 509144 4624 11484 147320 0 333656 94544 0 0 3076 0 269412 50008 67740 63412 4328 1836 0 0 0 254572 917736 768988 17492 751480 
2460 509144 4632 10292 151276 0 330468 100208 0 0 20 0 269124 49992 65336 60996 4340 1812 0 0 0 254572 909448 768988 17492 751480 
2465 509144 3992 8528 138756 0 344980 87428 0 0 460 0 285140 49992 64312 59824 4488 1828 0 0 0 254572 925464 768988 17492 751480 
2470 509144 4424 12600 123388 0 355664 71464 0 0 1072 0 291156 49948 68820 64252 4568 1836 0 0 0 254572 931540 768988 17492 751480 
2475 509144 4208 11708 127476 0 349256 78972 0 0 1116 0 289060 49956 68212 63948 4264 1816 0 0 0 254572 929308 768988 17492 751480 
2480 509144 4292 9540 118412 0 364888 68704 0 0 520 0 305656 49948 62600 58272 4328 1852 0 0 0 254572 946080 768988 17492 751480 
2485 509144 4340 9576 106944 0 372712 58068 0 0 1048 0 314276 49992 65428 60988 4440 1860 0 0 0 254572 954568 768988 17492 751480 
2490 509144 4432 9296 109576 0 370788 59528 0 0 876 0 311460 49964 65748 61548 4200 1860 0 0 0 254572 951752 768988 17492 751480 
2495 509144 3584 9248 92444 0 388392 41820 0 0 556 0 328536 50000 66916 62692 4224 1900 0 0 0 254572 976736 768988 17492 751480 
2500 509144 9840 11736 88500 0 371268 52868 0 0 8 0 323916 33032 66552 62356 4196 1812 0 0 0 254572 962944 768988 17492 751480 
2505 509144 12780 8824 91428 0 367252 57592 0 0 48 0 324608 33032 63052 58904 4148 1812 0 0 0 254572 963724 768988 17492 751480 
2510 509144 3960 8644 66960 0 384852 47356 0 0 0 0 356620 30512 64228 60060 4168 1880 0 0 0 254572 1004296 768988 17492 751480 
2515 509144 3588 9516 64744 0 388064 47328 0 0 1264 444 361148 16464 61396 57180 4216 1904 0 0 0 254572 1009144 768988 17492 751480 
2520 509144 4544 5296 84792 0 376036 74168 0 0 12 0 360132 10332 45528 41220 4308 2012 0 0 0 254572 1006032 768988 17492 751480 
2525 509144 4200 13444 82144 0 378020 73496 0 0 16 0 355956 11912 45080 40896 4184 1904 0 0 0 254572 1002528 768988 17492 751480 
2530 509144 2928 4224 89796 0 386344 64716 0 0 0 0 357056 13404 46424 42212 4212 1920 0 0 0 254572 1003076 768988 17492 751480 
2535 509144 2912 9568 81192 0 396072 55184 0 0 4 0 360524 13256 46032 41848 4184 1940 0 0 0 254572 1007496 768988 17492 751480 
2540 509144 4168 6672 91332 0 381520 73368 0 0 1140 528 356900 13068 41376 37168 4208 1880 0 0 0 254572 1003304 768988 17492 751480 
2545 509144 62704 11252 56372 0 383756 37020 0 0 22572 0 353168 13368 17424 12928 4496 1896 0 0 0 254572 996136 768988 17492 751480 
2550 509144 4012 2420 108308 0 373684 92700 0 0 11360 4 355704 9716 29820 23892 5928 1960 0 0 0 254572 1000408 768988 17492 751480 
2555 509144 5560 9400 101596 0 377584 88932 0 0 12900 0 355596 10616 28588 22948 5640 1968 0 0 0 254572 1001148 768988 17492 751480 
2560 509144 3912 3496 102424 0 374428 87772 0 0 9088 0 356296 10968 34304 27912 6392 1852 0 0 0 254572 999548 768988 17492 751480 
2565 509144 4160 4712 87624 0 379412 73460 0 0 6268 0 360552 11092 43560 37268 6292 1908 0 0 0 254572 1005752 768988 17492 751480 
2570 509144 4260 2620 87968 0 380740 71640 0 0 4596 0 361808 12340 43700 37572 6128 1924 0 0 0 254572 1008528 768988 17492 751480 
2575 509144 20104 12212 73064 0 395920 56856 0 0 12176 0 367516 11428 27880 22688 5192 1952 0 0 0 254572 1015224 768988 17492 751480 
2580 509144 62500 5984 44140 0 389096 27748 0 0 23080 0 366736 11116 21184 16596 4588 1952 0 0 0 254572 1014308 768988 17492 751480 
2585 509144 4844 5708 86956 0 403216 57256 0 0 412 580 367824 11128 35300 29220 6080 1932 0 0 0 254572 1015016 768988 17492 751480 
2590 509144 93356 7588 19384 0 386120 4212 0 0 8224 0 363376 11064 16752 12152 4600 1884 0 0 0 254572 1003704 768988 17492 751480 
