0 509144 4688 39448 403980 0 76632 411880 0 0 32 0 45100 44492 8112 4560 3552 1300 0 0 0 254572 635504 768988 17460 751488 
5 509144 4984 39448 403984 0 76096 411884 0 0 24 0 44564 44408 8108 4568 3540 1256 0 0 0 254572 634552 768988 17460 751488 
10 509144 5860 39448 403988 0 75456 411888 0 0 12 0 43924 44220 8116 4568 3548 1192 0 0 0 254572 633304 768988 17460 751488 
15 509144 5876 39448 403992 0 75456 411892 0 0 24 0 43924 44220 8104 4568 3536 1192 0 0 0 254572 633304 768988 17460 751488 
20 509144 6000 39448 403992 0 75456 411892 0 0 4 0 43924 44220 8104 4568 3536 1192 0 0 0 254572 633304 768988 17460 751488 
25 509144 5876 39448 404000 0 75456 411900 0 0 24 0 43924 44220 8104 4568 3536 1192 0 0 0 254572 633304 768988 17460 751488 
30 509144 6000 39448 404000 0 75456 411900 0 0 4 0 43924 44220 8104 4568 3536 1192 0 0 0 254572 633304 768988 17460 751488 
35 509144 6000 39448 404004 0 75456 411904 0 0 8 0 43924 44220 8104 4568 3536 1192 0 0 0 254572 633304 768988 17460 751488 
40 509144 6000 39448 404004 0 75456 411904 0 0 8 0 43924 44220 8100 4568 3532 1192 0 0 0 254572 633304 768988 17460 751488 
45 509144 5876 39448 404008 0 75456 411908 0 0 20 0 43924 44220 8108 4568 3540 1192 0 0 0 254572 633304 768988 17460 751488 
50 509144 6000 39448 404016 0 75456 411916 0 0 16 0 43924 44220 8112 4572 3540 1192 0 0 0 254572 633304 768988 17460 751488 
55 509144 6000 39448 404016 0 75456 411916 0 0 8 0 43924 44220 8112 4572 3540 1192 0 0 0 254572 633304 768988 17460 751488 
60 509144 6000 39448 404020 0 75456 411920 0 0 16 0 43924 44220 8112 4572 3540 1192 0 0 0 254572 633304 768988 17460 751488 
65 509144 6000 39448 404020 0 75456 411920 0 0 8 0 43924 44220 8108 4572 3536 1192 0 0 0 254572 633304 768988 17460 751488 
70 509144 6000 39448 404024 0 75456 411924 0 0 8 0 43924 44220 8108 4572 3536 1192 0 0 0 254572 633304 768988 17460 751488 
75 509144 5876 39448 404032 0 75456 411932 0 0 36 0 43924 44220 8108 4572 3536 1192 0 0 0 254572 633304 768988 17460 751488 
80 509144 5876 39448 404032 0 75456 411932 0 0 4 0 43924 44220 8112 4572 3540 1192 0 0 0 254572 633304 768988 17460 751488 
85 509144 5876 39448 404040 0 75456 411940 0 0 8 0 43924 44220 8108 4572 3536 1192 0 0 0 254572 633304 768988 17460 751488 
90 509144 5876 39448 404040 0 75456 411940 0 0 4 0 43924 44220 8112 4572 3540 1192 0 0 0 254572 633304 768988 17460 751488 
95 509144 5876 39448 404044 0 75456 411944 0 0 8 0 43924 44220 8108 4572 3536 1192 0 0 0 254572 633304 768988 17460 751488 
100 509144 5876 39448 404044 0 75456 411944 0 0 8 0 43924 44220 8108 4572 3536 1192 0 0 0 254572 633304 768988 17460 751488 
105 509144 5876 39448 404052 0 75456 411952 0 0 20 0 43924 44220 8104 4572 3532 1192 0 0 0 254572 633304 768988 17460 751488 
110 509144 5876 39448 404056 0 75456 411956 0 0 0 0 43924 44220 8108 4572 3536 1192 0 0 0 254572 633304 768988 17460 751488 
115 509144 5876 39448 404056 0 75456 411956 0 0 8 0 43924 44220 8108 4572 3536 1192 0 0 0 254572 633304 768988 17460 751488 
120 509144 5876 39448 404060 0 75456 411960 0 0 8 0 43924 44220 8108 4572 3536 1192 0 0 0 254572 633304 768988 17460 751488 
125 509144 5876 39448 404060 0 75456 411960 0 0 8 0 43924 44220 8112 4572 3540 1192 0 0 0 254572 633304 768988 17460 751488 
130 509144 5876 39448 404068 0 75456 411968 0 0 8 0 43924 44220 8104 4572 3532 1192 0 0 0 254572 633304 768988 17460 751488 
135 509144 5876 39448 404068 0 75456 411968 0 0 8 0 43924 44220 8104 4572 3532 1192 0 0 0 254572 633304 768988 17460 751488 
140 509144 5876 39448 404072 0 75456 411972 0 0 0 0 43924 44220 8104 4572 3532 1192 0 0 0 254572 633304 768988 17460 751488 
145 509144 5860 39448 404076 0 75456 411976 0 0 4 12 43924 44220 8120 4572 3548 1192 0 0 0 254572 633304 768988 17460 751488 
150 509144 5876 39448 404076 0 75456 411976 0 0 8 0 43924 44220 8108 4572 3536 1192 0 0 0 254572 633304 768988 17460 751488 
155 509144 5876 39448 404084 0 75456 411984 0 0 8 0 43924 44220 8100 4572 3528 1192 0 0 0 254572 633304 768988 17460 751488 
160 509144 5876 39448 404088 0 75456 411988 0 0 8 0 43924 44220 8108 4576 3532 1192 0 0 0 254572 633304 768988 17460 751488 
165 509144 5860 39448 404092 0 75456 411992 0 0 8 0 43924 44220 8120 4576 3544 1192 0 0 0 254572 633304 768988 17460 751488 
170 509144 5876 39448 404096 0 75456 411996 0 0 20 0 43924 44220 8108 4576 3532 1192 0 0 0 254572 633304 768988 17460 751488 
175 509144 5852 39448 404096 0 75576 411996 0 0 4 0 44044 44392 8124 4576 3548 1212 0 0 0 254572 633660 768988 17460 751488 
180 509144 5876 39448 404104 0 75456 412004 0 0 8 0 43924 44220 8108 4576 3532 1192 0 0 0 254572 633304 768988 17460 751488 
185 509144 5876 39448 404104 0 75456 412004 0 0 4 0 43924 44220 8108 4576 3532 1192 0 0 0 254572 633304 768988 17460 751488 
190 509144 5876 39448 404108 0 75456 412008 0 0 8 0 43924 44220 8112 4576 3536 1192 0 0 0 254572 633304 768988 17460 751488 
195 509144 5876 39448 404108 0 75456 412008 0 0 0 0 43924 44220 8108 4576 3532 1192 0 0 0 254572 633304 768988 17460 751488 
200 509144 5752 39448 404112 0 75456 412012 0 0 16 0 43924 44220 8108 4576 3532 1192 0 0 0 254572 633304 768988 17460 751488 
205 509144 5876 39448 404120 0 75456 412020 0 0 0 0 43924 44220 8112 4576 3536 1192 0 0 0 254572 633304 768988 17460 751488 
210 509144 5752 39448 404120 0 75456 412020 0 0 8 0 43924 44220 8108 4576 3532 1192 0 0 0 254572 633304 768988 17460 751488 
215 509144 5876 39448 404124 0 75456 412024 0 0 16 0 43924 44220 8116 4576 3540 1192 0 0 0 254572 633304 768988 17460 751488 
220 509144 5752 39448 404124 0 75456 412024 0 0 8 0 43924 44220 8116 4576 3540 1192 0 0 0 254572 633304 768988 17460 751488 
225 509144 5876 39448 404128 0 75456 412028 0 0 4 0 43924 44220 8116 4576 3540 1192 0 0 0 254572 633304 768988 17460 751488 
230 509144 5752 39448 404136 0 75456 412036 0 0 24 0 43924 44220 8108 4576 3532 1192 0 0 0 254572 633304 768988 17460 751488 
235 509144 5876 39448 404136 0 75456 412036 0 0 4 0 43924 44220 8108 4576 3532 1192 0 0 0 254572 633304 768988 17460 751488 
240 509144 5860 39448 404140 0 75456 412040 0 0 20 0 43924 44220 8128 4576 3552 1192 0 0 0 254572 633304 768988 17460 751488 
245 509144 5876 39448 404140 0 75456 412040 0 0 4 0 43924 44220 8112 4576 3536 1192 0 0 0 254572 633304 768988 17460 751488 
250 509144 5876 39448 404144 0 75456 412044 0 0 8 0 43924 44220 8108 4576 3532 1192 0 0 0 254572 633304 768988 17460 751488 
255 509144 6000 39448 403948 0 75456 411848 0 0 4 0 43924 44220 8112 4576 3536 1192 0 0 0 254572 633304 768988 17460 751488 
260 509144 5876 39448 403952 0 75456 411852 0 0 20 0 43924 44220 8108 4576 3532 1192 0 0 0 254572 633304 768988 17460 751488 
265 509144 5876 39448 403956 0 75456 411856 0 0 0 0 43924 44220 8112 4576 3536 1192 0 0 0 254572 633304 768988 17460 751488 
270 509144 6000 39448 403956 0 75456 411856 0 0 8 0 43924 44220 8108 4576 3532 1192 0 0 0 254572 633304 768988 17460 751488 
275 509144 6000 39448 403960 0 75456 411860 0 0 16 0 43924 44220 8112 4576 3536 1192 0 0 0 254572 633304 768988 17460 751488 
280 509144 5876 39448 403964 0 75456 411864 0 0 8 0 43924 44220 8108 4576 3532 1192 0 0 0 254572 633304 768988 17460 751488 
285 509144 6000 39448 403968 0 75456 411868 0 0 4 0 43924 44220 8112 4576 3536 1192 0 0 0 254572 633304 768988 17460 751488 
290 509144 6000 39448 403972 0 75456 411872 0 0 24 0 43924 44220 8108 4576 3532 1192 0 0 0 254572 633304 768988 17460 751488 
295 509144 6000 39448 403972 0 75456 411872 0 0 4 0 43924 44220 8112 4576 3536 1192 0 0 0 254572 633304 768988 17460 751488 
300 509144 5860 39448 403976 0 75456 411876 0 0 8 0 43924 44220 8120 4576 3544 1192 0 0 0 254572 633304 768988 17460 751488 
305 509144 6000 39448 403980 0 75456 411880 0 0 4 0 43924 44220 8108 4576 3532 1192 0 0 0 254572 633304 768988 17460 751488 
310 509144 6000 39448 403984 0 75456 411884 0 0 16 0 43924 44220 8108 4576 3532 1192 0 0 0 254572 633304 768988 17460 751488 
315 509144 6000 39448 403984 0 75456 411884 0 0 4 0 43924 44220 8104 4576 3528 1192 0 0 0 254572 633304 768988 17460 751488 
320 509144 5860 39448 403988 0 75456 411888 0 0 8 0 43924 44220 8120 4576 3544 1192 0 0 0 254572 633304 768988 17460 751488 
325 509144 6000 39448 403996 0 75456 411896 0 0 0 0 43924 44220 8108 4576 3532 1192 0 0 0 254572 633304 768988 17460 751488 
330 509144 6000 39448 404000 0 75456 411900 0 0 8 0 43924 44220 8108 4576 3532 1192 0 0 0 254572 633304 768988 17460 751488 
335 509144 6000 39452 404004 0 75460 411908 0 0 0 0 43928 44220 8104 4576 3528 1192 0 0 0 254572 633304 768988 17460 751488 
340 509144 5876 39452 404004 0 75464 411904 0 0 8 0 43928 44220 8108 4576 3532 1192 0 0 0 254572 633304 768988 17460 751488 
345 509144 6000 39452 404008 0 75464 411908 0 0 8 0 43928 44220 8112 4576 3536 1192 0 0 0 254572 633304 768988 17460 751488 
350 509144 5876 39452 404008 0 75464 411908 0 0 8 0 43928 44220 8104 4576 3528 1192 0 0 0 254572 633304 768988 17460 751488 
355 509144 5984 39452 404016 0 75464 411916 0 0 20 0 43928 44220 8124 4576 3548 1192 0 0 0 254572 633304 768988 17460 751488 
360 509144 5876 39452 404020 0 75464 411920 0 0 20 0 43928 44220 8112 4576 3536 1192 0 0 0 254572 633304 768988 17460 751488 
365 509144 5876 39452 404020 0 75464 411920 0 0 8 0 43928 44220 8108 4576 3532 1192 0 0 0 254572 633304 768988 17460 751488 
370 509144 5876 39452 404024 0 75464 411924 0 0 12 0 43928 44220 8108 4576 3532 1192 0 0 0 254572 633304 768988 17460 751488 
375 509144 5876 39452 404024 0 75464 411924 0 0 8 0 43928 44220 8108 4576 3532 1192 0 0 0 254572 633304 768988 17460 751488 
380 509144 5876 39452 404032 0 75464 411932 0 0 4 0 43928 44220 8108 4576 3532 1192 0 0 0 254572 633304 768988 17460 751488 
385 509144 5876 39452 404036 0 75464 411936 0 0 16 0 43928 44220 8108 4576 3532 1192 0 0 0 254572 633304 768988 17460 751488 
390 509144 5876 39452 404036 0 75464 411936 0 0 4 0 43928 44220 8120 4576 3544 1192 0 0 0 254572 633304 768988 17460 751488 
395 509144 5876 39452 404040 0 75464 411940 0 0 8 0 43928 44220 8112 4576 3536 1192 0 0 0 254572 633304 768988 17460 751488 
400 509144 5876 39452 404040 0 75464 411940 0 0 16 0 43928 44220 8108 4576 3532 1192 0 0 0 254572 633304 768988 17460 751488 
405 509144 5876 39452 404048 0 75464 411948 0 0 12 0 43928 44220 8108 4576 3532 1192 0 0 0 254572 633304 768988 17460 751488 
410 509144 5876 39452 404048 0 75464 411948 0 0 8 0 43928 44220 8108 4576 3532 1192 0 0 0 254572 633304 768988 17460 751488 
415 509144 5876 39452 404052 0 75464 411952 0 0 20 0 43928 44220 8104 4576 3528 1192 0 0 0 254572 633304 768988 17460 751488 
420 509144 6496 39452 403492 0 75464 411392 0 0 8 0 43928 44220 8108 4576 3532 1192 0 0 0 254572 633304 768988 17460 751488 
425 509144 6372 39452 403492 0 75464 411392 0 0 8 0 43928 44220 8112 4576 3536 1192 0 0 0 254572 633304 768988 17460 751488 
430 509144 6496 39452 403496 0 75464 411396 0 0 12 0 43928 44220 8108 4576 3532 1192 0 0 0 254572 633304 768988 17460 751488 
435 509144 6372 39452 403500 0 75464 411400 0 0 8 0 43928 44220 8112 4576 3536 1192 0 0 0 254572 633304 768988 17460 751488 
440 509144 6496 39452 403504 0 75464 411404 0 0 12 0 43928 44220 8108 4576 3532 1192 0 0 0 254572 633304 768988 17460 751488 
445 509144 6372 39452 403504 0 75464 411404 0 0 4 0 43928 44220 8108 4576 3532 1192 0 0 0 254572 633304 768988 17460 751488 
450 509144 6496 39456 403508 0 75468 411408 0 0 16 0 43928 44220 8108 4576 3532 1192 0 0 0 254572 633304 768988 17460 751488 
455 509144 6356 39456 403512 0 75468 411412 0 0 4 0 43928 44220 8124 4576 3548 1192 0 0 0 254572 633304 768988 17460 751488 
460 509144 6496 39456 403516 0 75468 411416 0 0 8 0 43928 44220 8112 4576 3536 1192 0 0 0 254572 633304 768988 17460 751488 
465 509144 6372 39456 403520 0 75468 411420 0 0 4 0 43928 44220 8108 4576 3532 1192 0 0 0 254572 633304 768988 17460 751488 
470 509144 6496 39456 403520 0 75468 411420 0 0 8 0 43928 44220 8112 4576 3536 1192 0 0 0 254572 633304 768988 17460 751488 
475 509144 6372 39456 403524 0 75468 411424 0 0 8 0 43928 44220 8108 4576 3532 1192 0 0 0 254572 633304 768988 17460 751488 
480 509144 6372 39456 403528 0 75468 411428 0 0 20 0 43928 44220 8108 4576 3532 1192 0 0 0 254572 633304 768988 17460 751488 
485 509144 6372 39456 403532 0 75468 411432 0 0 8 0 43928 44220 8108 4576 3532 1192 0 0 0 254572 633304 768988 17460 751488 
490 509144 6232 39456 403536 0 75468 411436 0 0 8 0 43928 44220 8132 4580 3552 1192 0 0 0 254572 633304 768988 17460 751488 
495 509144 6340 39460 403540 0 75468 411444 0 0 8 0 43928 44220 8144 4580 3564 1192 0 0 0 254572 633304 768988 17460 751488 
500 509144 6232 39460 403544 0 75468 411448 0 0 20 0 43928 44220 8128 4580 3548 1192 0 0 0 254572 633304 768988 17460 751488 
505 509144 6356 39460 403544 0 75468 411448 0 0 8 0 43928 44220 8124 4576 3548 1192 0 0 0 254572 633304 768988 17460 751488 
510 509144 6372 39460 403552 0 75468 411456 0 0 8 0 43928 44220 8108 4576 3532 1192 0 0 0 254572 633304 768988 17460 751488 
515 509144 6372 39460 403556 0 75468 411460 0 0 4 0 43928 44220 8108 4576 3532 1192 0 0 0 254572 633304 768988 17460 751488 
520 509144 6232 39460 403556 0 75468 411460 0 0 8 0 43928 44220 8128 4580 3548 1192 0 0 0 254572 633304 768988 17460 751488 
525 509144 6356 39460 403560 0 75468 411464 0 0 16 0 43928 44220 8128 4580 3548 1192 0 0 0 254572 633304 768988 17460 751488 
530 509144 6356 39460 403560 0 75468 411464 0 0 8 0 43928 44220 8124 4580 3544 1192 0 0 0 254572 633304 768988 17460 751488 
535 509144 6348 39460 403568 0 75468 411472 0 0 8 0 43928 44220 8132 4576 3556 1192 0 0 0 254572 633304 768988 17460 751488 
540 509144 6208 39460 403572 0 75472 411472 0 0 20 0 43928 44220 8144 4576 3568 1192 0 0 0 254572 633304 768988 17460 751488 
545 509144 6224 39460 403572 0 75472 411472 0 0 12 0 43928 44220 8132 4576 3556 1192 0 0 0 254572 633304 768988 17460 751488 
550 509144 6348 39460 403576 0 75472 411476 0 0 8 0 43928 44220 8132 4576 3556 1192 0 0 0 254572 633304 768988 17460 751488 
555 509144 6372 39460 403576 0 75472 411476 0 0 8 0 43928 44220 8108 4576 3532 1192 0 0 0 254572 633304 768988 17460 751488 
560 509144 6232 39460 403584 0 75472 411484 0 0 4 0 43928 44220 8124 4576 3548 1192 0 0 0 254572 633304 768988 17460 751488 
565 509144 6372 39460 403584 0 75472 411484 0 0 8 0 43928 44220 8108 4576 3532 1192 0 0 0 254572 633304 768988 17460 751488 
570 509144 6372 39460 403588 0 75472 411488 0 0 4 0 43928 44220 8108 4576 3532 1192 0 0 0 254572 633304 768988 17460 751488 
575 509144 6372 39460 403592 0 75472 411492 0 0 8 0 43928 44220 8112 4576 3536 1192 0 0 0 254572 633304 768988 17460 751488 
580 509144 6372 39460 403592 0 75472 411492 0 0 4 0 43928 44220 8112 4576 3536 1192 0 0 0 254572 633304 768988 17460 751488 
585 509144 6372 39460 403600 0 75472 411500 0 0 8 0 43928 44220 8108 4576 3532 1192 0 0 0 254572 633304 768988 17460 751488 
590 509144 6372 39460 403600 0 75472 411500 0 0 4 0 43928 44220 8108 4576 3532 1192 0 0 0 254572 633304 768988 17460 751488 
595 509144 6372 39460 403608 0 75472 411508 0 0 8 0 43928 44220 8108 4576 3532 1192 0 0 0 254572 633304 768988 17460 751488 
600 509144 6372 39460 403608 0 75472 411508 0 0 8 0 43928 44220 8112 4576 3536 1192 0 0 0 254572 633304 768988 17460 751488 
605 509144 6372 39460 403612 0 75472 411512 0 0 20 0 43928 44220 8116 4576 3540 1192 0 0 0 254572 633304 768988 17460 751488 
610 509144 6372 39460 403620 0 75472 411520 0 0 8 0 43928 44220 8112 4576 3536 1192 0 0 0 254572 633304 768988 17460 751488 
615 509144 6372 39460 403620 0 75472 411520 0 0 20 0 43928 44220 8108 4576 3532 1192 0 0 0 254572 633304 768988 17460 751488 
620 509144 6372 39460 403624 0 75472 411524 0 0 16 0 43928 44220 8112 4576 3536 1192 0 0 0 254572 633304 768988 17460 751488 
625 509144 6372 39460 403624 0 75472 411524 0 0 8 0 43928 44220 8108 4576 3532 1192 0 0 0 254572 633304 768988 17460 751488 
630 509144 6372 39460 403628 0 75472 411528 0 0 8 0 43928 44220 8112 4576 3536 1192 0 0 0 254572 633304 768988 17460 751488 
635 509144 6248 39460 403636 0 75472 411536 0 0 20 0 43928 44220 8108 4576 3532 1192 0 0 0 254572 633304 768988 17460 751488 
640 509144 6372 39460 403636 0 75472 411536 0 0 8 0 43928 44220 8108 4576 3532 1192 0 0 0 254572 633304 768988 17460 751488 
645 509144 6372 39460 403640 0 75472 411540 0 0 4 0 43928 44220 8104 4576 3528 1192 0 0 0 254572 633304 768988 17460 751488 
650 509144 6372 39460 403640 0 75472 411540 0 0 16 0 43928 44220 8108 4576 3532 1192 0 0 0 254572 633304 768988 17460 751488 
655 509144 6232 39460 403644 0 75472 411544 0 0 8 0 43928 44220 8124 4576 3548 1192 0 0 0 254572 633304 768988 17460 751488 
660 509144 6248 39460 403648 0 75472 411548 0 0 12 0 43928 44220 8108 4576 3532 1192 0 0 0 254572 633304 768988 17460 751488 
665 509144 6248 39460 403656 0 75472 411556 0 0 4 0 43928 44220 8104 4576 3528 1192 0 0 0 254572 633304 768988 17460 751488 
670 509144 6248 39460 403660 0 75472 411560 0 0 12 0 43928 44220 8108 4576 3532 1192 0 0 0 254572 633304 768988 17460 751488 
675 509144 6248 39460 403660 0 75472 411560 0 0 8 0 43928 44220 8104 4576 3528 1192 0 0 0 254572 633304 768988 17460 751488 
680 509144 6248 39460 403664 0 75472 411564 0 0 8 0 43928 44220 8108 4576 3532 1192 0 0 0 254572 633304 768988 17460 751488 
685 509144 6232 39460 403668 0 75472 411568 0 0 8 0 43928 44220 8124 4576 3548 1192 0 0 0 254572 633304 768988 17460 751488 
690 509144 6248 39460 403672 0 75472 411572 0 0 8 0 43928 44220 8108 4576 3532 1192 0 0 0 254572 633304 768988 17460 751488 
695 509144 6248 39460 403676 0 75472 411576 0 0 0 0 43928 44220 8108 4576 3532 1192 0 0 0 254572 633304 768988 17460 751488 
700 509144 6124 39460 403676 0 75472 411576 0 0 8 0 43928 44220 8112 4576 3536 1192 0 0 0 254572 633304 768988 17460 751488 
705 509144 6248 39460 403680 0 75472 411580 0 0 0 0 43928 44220 8112 4576 3536 1192 0 0 0 254572 633304 768988 17460 751488 
710 509144 6124 39460 403684 0 75472 411584 0 0 28 0 43928 44220 8108 4576 3532 1192 0 0 0 254572 633304 768988 17460 751488 
715 509144 6248 39460 403688 0 75472 411588 0 0 0 0 43928 44220 8108 4576 3532 1192 0 0 0 254572 633304 768988 17460 751488 
720 509144 6124 39460 403688 0 75472 411588 0 0 8 0 43928 44220 8112 4576 3536 1192 0 0 0 254572 633304 768988 17460 751488 
725 509144 6124 39460 403692 0 75472 411592 0 0 4 0 43928 44220 8112 4576 3536 1192 0 0 0 254572 633304 768988 17460 751488 
730 509144 6124 39460 403696 0 75472 411596 0 0 8 0 43928 44220 8108 4576 3532 1192 0 0 0 254572 633304 768988 17460 751488 
735 509144 6248 39460 403696 0 75472 411596 0 0 4 0 43928 44220 8108 4576 3532 1192 0 0 0 254572 633304 768988 17460 751488 
740 509144 6248 39460 403704 0 75472 411604 0 0 8 0 43928 44220 8108 4576 3532 1192 0 0 0 254572 633304 768988 17460 751488 
745 509144 6124 39460 403704 0 75472 411604 0 0 8 0 43928 44220 8108 4576 3532 1192 0 0 0 254572 633304 768988 17460 751488 
750 509144 6248 39460 403708 0 75472 411608 0 0 8 0 43928 44220 8108 4576 3532 1192 0 0 0 254572 633304 768988 17460 751488 
755 509144 6124 39460 403708 0 75472 411608 0 0 4 0 43928 44220 8112 4576 3536 1192 0 0 0 254572 633304 768988 17460 751488 
760 509144 6248 39460 403712 0 75472 411612 0 0 8 0 43928 44220 8112 4576 3536 1192 0 0 0 254572 633304 768988 17460 751488 
765 509144 6248 39460 403720 0 75472 411620 0 0 4 0 43928 44220 8112 4576 3536 1192 0 0 0 254572 633304 768988 17460 751488 
770 509144 6232 39460 403720 0 75472 411620 0 0 8 0 43928 44220 8128 4576 3552 1192 0 0 0 254572 633304 768988 17460 751488 
775 509144 6124 39460 403724 0 75472 411624 0 0 0 0 43928 44220 8108 4576 3532 1192 0 0 0 254572 633304 768988 17460 751488 
780 509144 6108 39460 403724 0 75472 411624 0 0 20 0 43928 44220 8120 4576 3544 1192 0 0 0 254572 633304 768988 17460 751488 
785 509144 6124 39460 403728 0 75472 411628 0 0 8 0 43928 44220 8104 4576 3528 1192 0 0 0 254572 633304 768988 17460 751488 
790 509144 6100 39460 403736 0 75604 411636 0 0 20 0 44060 44412 8120 4576 3544 1212 0 0 0 254572 633660 768988 17460 751488 
795 509144 6248 39460 403736 0 75472 411636 0 0 8 0 43928 44220 8108 4576 3532 1192 0 0 0 254572 633304 768988 17460 751488 
800 509144 6248 39460 403740 0 75472 411640 0 0 8 0 43928 44220 8104 4576 3528 1192 0 0 0 254572 633304 768988 17460 751488 
805 509144 6248 39460 403740 0 75472 411640 0 0 24 0 43928 44220 8104 4576 3528 1192 0 0 0 254572 633304 768988 17460 751488 
810 509144 6248 39460 403744 0 75472 411644 0 0 4 0 43928 44220 8108 4576 3532 1192 0 0 0 254572 633304 768988 17460 751488 
815 509144 6248 39460 403748 0 75472 411648 0 0 8 0 43928 44220 8112 4576 3536 1192 0 0 0 254572 633304 768988 17460 751488 
820 509144 6248 39460 403752 0 75472 411652 0 0 4 0 43928 44220 8112 4576 3536 1192 0 0 0 254572 633304 768988 17460 751488 
825 509144 6248 39460 403756 0 75472 411656 0 0 20 0 43928 44220 8108 4576 3532 1192 0 0 0 254572 633304 768988 17460 751488 
830 509144 6248 39460 403756 0 75472 411656 0 0 4 0 43928 44220 8112 4576 3536 1192 0 0 0 254572 633304 768988 17460 751488 
835 509144 6248 39460 403764 0 75472 411664 0 0 20 0 43928 44220 8108 4576 3532 1192 0 0 0 254572 633304 768988 17460 751488 
840 509144 6248 39460 403768 0 75472 411668 0 0 4 0 43928 44220 8108 4576 3532 1192 0 0 0 254572 633304 768988 17460 751488 
845 509144 6124 39460 403772 0 75472 411672 0 0 8 0 43928 44220 8108 4576 3532 1192 0 0 0 254572 633304 768988 17460 751488 
850 509144 6124 39460 403776 0 75472 411676 0 0 20 0 43928 44220 8108 4576 3532 1192 0 0 0 254572 633304 768988 17460 751488 
855 509144 6108 39460 403776 0 75472 411676 0 0 8 0 43928 44220 8128 4576 3552 1192 0 0 0 254572 633304 768988 17460 751488 
860 509144 6124 39460 403780 0 75472 411680 0 0 8 0 43928 44220 8108 4576 3532 1192 0 0 0 254572 633304 768988 17460 751488 
865 509144 6124 39460 403784 0 75472 411684 0 0 20 0 43928 44220 8108 4576 3532 1192 0 0 0 254572 633304 768988 17460 751488 
870 509144 6124 39460 403788 0 75472 411688 0 0 8 0 43928 44220 8108 4576 3532 1192 0 0 0 254572 633304 768988 17460 751488 
875 509144 6124 39460 403788 0 75472 411688 0 0 20 0 43928 44220 8104 4576 3528 1192 0 0 0 254572 633304 768988 17460 751488 
880 509144 6124 39460 403792 0 75472 411692 0 0 12 0 43928 44220 8108 4576 3532 1192 0 0 0 254572 633304 768988 17460 751488 
885 509144 6124 39460 403796 0 75472 411696 0 0 8 0 43928 44220 8108 4576 3532 1192 0 0 0 254572 633304 768988 17460 751488 
890 509144 6124 39460 403800 0 75472 411700 0 0 4 0 43928 44220 8108 4576 3532 1192 0 0 0 254572 633304 768988 17460 751488 
895 509144 6124 39460 403804 0 75472 411704 0 0 20 0 43928 44220 8108 4576 3532 1192 0 0 0 254572 633304 768988 17460 751488 
900 509144 6000 39460 403804 0 75472 411704 0 0 16 0 43928 44220 8112 4576 3536 1192 0 0 0 254572 633304 768988 17460 751488 
905 509144 6124 39460 403808 0 75472 411708 0 0 8 0 43928 44220 8108 4576 3532 1192 0 0 0 254572 633304 768988 17460 751488 
910 509144 6124 39460 403812 0 75472 411712 0 0 16 0 43928 44220 8112 4576 3536 1192 0 0 0 254572 633304 768988 17460 751488 
915 509144 5984 39460 403816 0 75472 411716 0 0 20 0 43928 44220 8128 4576 3552 1192 0 0 0 254572 633304 768988 17460 751488 
920 509144 6000 39460 403820 0 75472 411720 0 0 20 0 43928 44220 8108 4576 3532 1192 0 0 0 254572 633304 768988 17460 751488 
925 509144 6124 39460 403820 0 75472 411720 0 0 4 0 43928 44220 8108 4576 3532 1192 0 0 0 254572 633304 768988 17460 751488 
930 509144 6000 39460 403824 0 75472 411724 0 0 16 0 43928 44220 8108 4576 3532 1192 0 0 0 254572 633304 768988 17460 751488 
935 509144 6124 39460 403824 0 75472 411724 0 0 4 0 43928 44220 8112 4576 3536 1192 0 0 0 254572 633304 768988 17460 751488 
940 509144 6124 39460 403832 0 75472 411732 0 0 8 0 43928 44220 8112 4576 3536 1192 0 0 0 254572 633304 768988 17460 751488 
945 509144 6124 39460 403836 0 75472 411736 0 0 8 0 43928 44220 8108 4576 3532 1192 0 0 0 254572 633304 768988 17460 751488 
950 509144 6000 39460 403836 0 75472 411736 0 0 8 0 43928 44220 8108 4576 3532 1192 0 0 0 254572 633304 768988 17460 751488 
955 509144 6124 39460 403840 0 75472 411740 0 0 12 0 43928 44220 8112 4576 3536 1192 0 0 0 254572 633304 768988 17460 751488 
960 509144 6000 39460 403840 0 75472 411740 0 0 24 0 43928 44220 8108 4576 3532 1192 0 0 0 254572 633304 768988 17460 751488 
965 509144 5356 39460 403852 0 76120 411748 0 0 0 0 44572 44440 8112 4576 3536 1256 0 0 0 254572 634552 768988 17460 751488 
970 509144 5208 39460 403852 0 76120 411748 0 0 8 0 44572 44440 8140 4576 3564 1256 0 0 0 254572 634552 768988 17460 751488 
975 509144 5332 39460 403856 0 76148 411732 0 0 8 0 44580 44440 8136 4576 3560 1256 0 0 0 254572 634552 768988 17460 751488 
980 509144 5208 39460 403860 0 76148 411736 0 0 4 0 44580 44440 8136 4576 3560 1256 0 0 0 254572 634552 768988 17460 751488 
985 509144 5332 39460 403860 0 76148 411736 0 0 8 0 44580 44440 8136 4576 3560 1256 0 0 0 254572 634552 768988 17460 751488 
990 509144 5348 39460 403868 0 76148 411744 0 0 8 0 44580 44440 8120 4576 3544 1256 0 0 0 254572 634552 768988 17460 751488 
995 509144 5348 39460 403868 0 76148 411744 0 0 8 0 44580 44440 8120 4576 3544 1256 0 0 0 254572 634552 768988 17460 751488 
1000 509144 5208 39464 403872 0 76152 411748 0 0 8 0 44580 44440 8136 4576 3560 1256 0 0 0 254572 634552 768988 17460 751488 
1005 509144 5332 39464 403876 0 76152 411752 0 0 8 0 44580 44440 8136 4576 3560 1256 0 0 0 254572 634552 768988 17460 751488 
1010 509144 5208 39464 403880 0 76152 411756 0 0 8 0 44580 44440 8136 4576 3560 1256 0 0 0 254572 634552 768988 17460 751488 
1015 509144 5208 39464 403888 0 76152 411764 0 0 8 0 44580 44440 8136 4576 3560 1256 0 0 0 254572 634552 768988 17460 751488 
1020 509144 5208 39464 403888 0 76152 411764 0 0 4 0 44580 44440 8140 4576 3564 1256 0 0 0 254572 634552 768988 17460 751488 
1025 509144 5208 39464 403892 0 76152 411768 0 0 0 0 44580 44440 8136 4576 3560 1256 0 0 0 254572 634552 768988 17460 751488 
1030 509144 5208 39464 403892 0 76152 411768 0 0 20 0 44580 44440 8136 4576 3560 1256 0 0 0 254572 634552 768988 17460 751488 
1035 509144 5224 39464 403896 0 76152 411772 0 0 8 0 44580 44440 8120 4576 3544 1256 0 0 0 254572 634552 768988 17460 751488 
1040 509144 5208 39464 403904 0 76152 411780 0 0 4 0 44580 44440 8140 4576 3564 1256 0 0 0 254572 634552 768988 17460 751488 
1045 509144 5208 39464 403904 0 76152 411780 0 0 8 0 44580 44440 8136 4576 3560 1256 0 0 0 254572 634552 768988 17460 751488 
1050 509144 5208 39464 403908 0 76152 411784 0 0 4 0 44580 44440 8140 4576 3564 1256 0 0 0 254572 634552 768988 17460 751488 
1055 509144 5208 39468 403908 0 76172 411768 0 0 24 0 44580 44440 8136 4576 3560 1256 0 0 0 254572 634552 768988 17460 751488 
1060 509144 5208 39468 403912 0 76172 411772 0 0 4 0 44580 44440 8136 4576 3560 1256 0 0 0 254572 634552 768988 17460 751488 
1065 509144 5208 39468 403916 0 76172 411776 0 0 8 0 44580 44440 8140 4576 3564 1256 0 0 0 254572 634552 768988 17460 751488 
1070 509144 5208 39468 403924 0 76172 411784 0 0 4 0 44580 44444 8136 4576 3560 1256 0 0 0 254572 634552 768988 17460 751488 
1075 509144 5208 39472 403928 0 76176 411788 0 0 20 0 44580 44444 8140 4576 3564 1256 0 0 0 254572 634552 768988 17460 751488 
1080 509144 5224 39472 403928 0 76176 411788 0 0 4 0 44580 44444 8120 4576 3544 1256 0 0 0 254572 634552 768988 17460 751488 
1085 509144 4120 39640 403524 0 77484 411372 0 0 56 0 45708 47332 8288 4592 3696 1264 0 0 0 254572 653172 768988 17460 751488 
1090 509144 4080 39640 403532 0 77488 411376 0 0 8 0 45708 47332 8328 4592 3736 1264 0 0 0 254572 653172 768988 17460 751488 
1095 509144 4940 39520 402744 0 78592 409364 0 0 8 0 45708 47332 8400 4660 3740 1264 0 0 0 254572 653172 768988 17460 751488 
1100 509144 4940 39520 402748 0 78632 409328 0 0 4 0 45708 47332 8404 4660 3744 1264 0 0 0 254572 653172 768988 17460 751488 
1105 509144 4940 39520 402752 0 78632 409332 0 0 8 0 45708 47332 8404 4660 3744 1264 0 0 0 254572 653172 768988 17460 751488 
1110 509144 6064 39472 401676 0 78528 408312 0 0 0 0 45708 47332 8396 4660 3736 1264 0 0 0 254572 653172 768988 17460 751488 
1115 509144 6064 39472 401684 0 78652 408196 0 0 8 0 45708 47332 8396 4660 3736 1264 0 0 0 254572 653172 768988 17460 751488 
1120 509144 6064 39472 401684 0 78652 408196 0 0 8 0 45708 47332 8396 4660 3736 1264 0 0 0 254572 653172 768988 17460 751488 
1125 509144 6056 39492 401688 0 78672 408200 0 0 20 0 45708 47332 8400 4660 3740 1264 0 0 0 254572 653172 768988 17460 751488 
1130 509144 6056 39492 401688 0 78672 408200 0 0 4 0 45708 47332 8404 4660 3744 1264 0 0 0 254572 653172 768988 17460 751488 
1135 509144 5932 39492 401692 0 78672 408204 0 0 8 0 45708 47332 8412 4664 3748 1264 0 0 0 254572 653172 768988 17460 751488 
1140 509144 5940 39512 401700 0 78692 408212 0 0 8 0 45708 47332 8396 4664 3732 1264 0 0 0 254572 653172 768988 17460 751488 
1145 509144 5940 39512 401700 0 78692 408212 0 0 8 0 45708 47332 8392 4664 3728 1264 0 0 0 254572 653172 768988 17460 751488 
1150 509144 5940 39512 401704 0 78692 408216 0 0 8 0 45708 47332 8396 4664 3732 1264 0 0 0 254572 653172 768988 17460 751488 
1155 509144 5932 39540 401704 0 78720 408216 0 0 20 0 45708 47332 8408 4664 3744 1264 0 0 0 254572 653172 768988 17460 751488 
1160 509144 5932 39540 401708 0 78720 408220 0 0 8 0 45708 47332 8404 4664 3740 1264 0 0 0 254572 653172 768988 17460 751488 
1165 509144 6000 39568 400220 0 79896 406764 0 0 16 0 46888 47392 8476 4692 3784 1372 0 0 0 254572 655368 768988 17460 751488 
1170 509144 7172 39584 400228 0 78740 406764 0 0 68 0 45708 47512 8464 4692 3772 1264 0 0 0 254572 653172 768988 17460 751488 
1175 509144 5916 39836 393676 0 85860 400700 0 0 64 0 53064 48836 8780 4968 3812 1272 0 0 0 254572 660672 768988 17460 751488 
1180 509144 6644 40172 384364 0 92708 392660 0 0 756 0 60848 49156 9104 5288 3816 1320 0 0 0 254572 669156 768988 17460 751488 
1185 509144 6552 40196 384616 0 92936 392720 0 0 8 0 60860 48836 9060 5288 3772 1280 0 0 0 254572 668428 768988 17460 751488 
1190 509144 6552 40196 384624 0 92936 392728 0 0 8 0 60860 48836 9060 5288 3772 1280 0 0 0 254572 668428 768988 17460 751488 
1195 509144 6180 40228 384912 0 92968 393016 0 0 8 0 60860 48836 9060 5292 3768 1280 0 0 0 254572 668428 768988 17460 751488 
1200 509144 6180 40228 384916 0 92968 393020 0 0 0 0 60860 48836 9060 5292 3768 1280 0 0 0 254572 668428 768988 17460 751488 
1205 509144 6180 40228 384920 0 92968 393024 0 0 8 0 60860 48836 9060 5292 3768 1280 0 0 0 254572 668428 768988 17460 751488 
1210 509144 6188 40312 384920 0 93052 393024 0 0 8 0 60860 48836 9056 5296 3760 1280 0 0 0 254572 668428 768988 17460 751488 
1215 509144 6056 40312 384928 0 93028 393056 0 0 8 0 60860 48840 9068 5300 3768 1280 0 0 0 254572 668428 768988 17460 751488 
1220 509144 6056 40316 384928 0 93032 393056 0 0 8 0 60860 48840 9068 5300 3768 1280 0 0 0 254572 668428 768988 17460 751488 
1225 509144 5932 40412 384932 0 93132 393056 0 0 8 0 60860 48840 9072 5304 3768 1280 0 0 0 254572 668428 768988 17460 751488 
1230 509144 6700 40412 384932 0 92488 393052 0 0 4 0 60212 48620 9072 5304 3768 1216 0 0 0 254572 667180 768988 17460 751488 
1235 509144 6700 40412 384940 0 92488 393060 0 0 16 0 60212 48620 9080 5304 3776 1216 0 0 0 254572 667180 768988 17460 751488 
1240 509144 6700 40432 384944 0 92508 393064 0 0 8 0 60212 48620 9080 5304 3776 1216 0 0 0 254572 667180 768988 17460 751488 
1245 509144 6576 40432 384944 0 92508 393064 0 0 8 0 60212 48620 9076 5304 3772 1220 0 0 0 254572 667180 768988 17460 751488 
1250 509144 6700 40432 384948 0 92508 393068 0 0 16 0 60212 48620 9068 5304 3764 1216 0 0 0 254572 667180 768988 17460 751488 
1255 509144 6576 40452 384948 0 92528 393068 0 0 4 0 60212 48620 9076 5308 3768 1216 0 0 0 254572 667180 768988 17460 751488 
1260 509144 6700 40452 384956 0 92528 393076 0 0 8 0 60212 48620 9076 5308 3768 1216 0 0 0 254572 667180 768988 17460 751488 
1265 509144 6684 40452 384960 0 92528 393080 0 0 20 0 60212 48620 9096 5308 3788 1216 0 0 0 254572 667180 768988 17460 751488 
1270 509144 6576 40548 384960 0 92624 393080 0 0 8 0 60212 48620 9080 5312 3768 1216 0 0 0 254572 667180 768988 17460 751488 
1275 509144 6576 40548 384964 0 92624 393084 0 0 8 0 60212 48620 9076 5312 3764 1216 0 0 0 254572 667180 768988 17460 751488 
1280 509144 6576 40548 384964 0 92624 393084 0 0 12 0 60212 48620 9084 5312 3772 1216 0 0 0 254572 667180 768988 17460 751488 
1285 509144 6584 40568 384972 0 92644 393092 0 0 8 0 60212 48620 9080 5316 3764 1216 0 0 0 254572 667180 768988 17460 751488 
1290 509144 6584 40568 384972 0 92644 393092 0 0 8 0 60212 48620 9080 5316 3764 1216 0 0 0 254572 667180 768988 17460 751488 
1295 509144 6584 40568 384976 0 92644 393096 0 0 24 0 60212 48620 9080 5316 3764 1216 0 0 0 254572 667180 768988 17460 751488 
1300 509144 6460 40664 384980 0 92740 393100 0 0 0 0 60212 48620 9084 5320 3764 1216 0 0 0 254572 667180 768988 17460 751488 
1305 509144 6460 40664 384980 0 92740 393100 0 0 8 0 60212 48620 9080 5320 3760 1216 0 0 0 254572 667180 768988 17460 751488 
1310 509144 6460 40664 384988 0 92740 393108 0 0 16 0 60212 48620 9080 5320 3760 1216 0 0 0 254572 667180 768988 17460 751488 
1315 509144 6212 40764 384988 0 92840 393108 0 0 16 0 60212 48620 9084 5324 3760 1216 0 0 0 254572 667180 768988 17460 751488 
1320 509144 6336 40764 384996 0 92840 393116 0 0 8 0 60212 48620 9088 5328 3760 1216 0 0 0 254572 667180 768988 17460 751488 
1325 509144 6336 40764 385000 0 92840 393120 0 0 20 0 60212 48620 9092 5328 3764 1216 0 0 0 254572 667180 768988 17460 751488 
1330 509144 6336 40764 385000 0 92840 393120 0 0 8 0 60212 48620 9096 5328 3768 1216 0 0 0 254572 667180 768988 17460 751488 
1335 509144 6336 40764 385008 0 92840 393128 0 0 8 0 60212 48620 9096 5328 3768 1216 0 0 0 254572 667180 768988 17460 751488 
1340 509144 6336 40764 385008 0 92840 393128 0 0 12 0 60212 48620 9096 5328 3768 1216 0 0 0 254572 667180 768988 17460 751488 
1345 509144 6336 40776 385012 0 92852 393132 0 0 16 0 60212 48620 9096 5328 3768 1216 0 0 0 254572 667180 768988 17460 751488 
1350 509144 6336 40776 385012 0 92852 393132 0 0 4 0 60212 48620 9092 5328 3764 1216 0 0 0 254572 667180 768988 17460 751488 
1355 509144 6336 40776 385016 0 92852 393136 0 0 20 0 60212 48620 9088 5328 3760 1216 0 0 0 254572 667180 768988 17460 751488 
1360 509144 6212 40872 385024 0 92948 393144 0 0 4 0 60212 48620 9092 5332 3760 1216 0 0 0 254572 667180 768988 17460 751488 
1365 509144 6212 40872 385024 0 92948 393144 0 0 8 0 60212 48620 9096 5332 3764 1216 0 0 0 254572 667180 768988 17460 751488 
1370 509144 6212 40872 385028 0 92948 393148 0 0 8 0 60212 48620 9096 5332 3764 1216 0 0 0 254572 667180 768988 17460 751488 
1375 509144 6212 40884 385028 0 92960 393148 0 0 8 0 60212 48620 9104 5336 3768 1216 0 0 0 254572 667180 768988 17460 751488 
1380 509144 6212 40884 385032 0 92960 393152 0 0 8 0 60212 48620 9100 5336 3764 1216 0 0 0 254572 667180 768988 17460 751488 
1385 509144 6212 40884 385036 0 92960 393156 0 0 24 0 60212 48620 9100 5336 3764 1216 0 0 0 254572 667180 768988 17460 751488 
1390 509144 6088 40976 385040 0 93052 393160 0 0 8 0 60212 48620 9108 5340 3768 1216 0 0 0 254572 667180 768988 17460 751488 
1395 509144 6088 40976 385044 0 93052 393164 0 0 8 0 60212 48620 9108 5340 3768 1216 0 0 0 254572 667180 768988 17460 751488 
1400 509144 6088 40976 385044 0 93052 393164 0 0 8 0 60212 48620 9100 5340 3760 1216 0 0 0 254572 667180 768988 17460 751488 
1405 509144 6080 40996 385048 0 93072 393168 0 0 8 0 60212 48620 9112 5340 3772 1216 0 0 0 254572 667180 768988 17460 751488 
1410 509144 6080 40996 385048 0 93072 393168 0 0 4 0 60212 48620 9116 5340 3776 1216 0 0 0 254572 667180 768988 17460 751488 
1415 509144 5956 40996 385056 0 93072 393176 0 0 8 0 60212 48620 9116 5344 3772 1216 0 0 0 254572 667180 768988 17460 751488 
1420 509144 5956 41092 385060 0 93168 393180 0 0 16 0 60212 48620 9120 5348 3772 1216 0 0 0 254572 667180 768988 17460 751488 
1425 509144 5832 41092 385060 0 93168 393180 0 0 8 0 60212 48620 9120 5348 3772 1216 0 0 0 254572 667180 768988 17460 751488 
1430 509144 5956 41092 385064 0 93168 393184 0 0 12 0 60212 48620 9120 5348 3772 1216 0 0 0 254572 667180 768988 17460 751488 
1435 509144 5840 41092 385064 0 93168 393184 0 0 20 0 60212 48620 9112 5348 3764 1216 0 0 0 254572 667180 768988 17460 751488 
1440 509144 5840 41092 385072 0 93168 393192 0 0 4 0 60212 48620 9112 5348 3764 1216 0 0 0 254572 667180 768988 17460 751488 
1445 509144 5840 41092 385072 0 93168 393192 0 0 12 0 60212 48620 9112 5348 3764 1216 0 0 0 254572 667180 768988 17460 751488 
1450 509144 5840 41168 385076 0 93244 393196 0 0 12 0 60212 48620 9112 5352 3760 1216 0 0 0 254572 667180 768988 17460 751488 
1455 509144 5840 41168 385080 0 93244 393200 0 0 20 0 60212 48620 9112 5352 3760 1216 0 0 0 254572 667180 768988 17460 751488 
1460 509144 5840 41168 385080 0 93244 393200 0 0 8 0 60212 48620 9112 5352 3760 1216 0 0 0 254572 667180 768988 17460 751488 
1465 509144 5824 41168 385088 0 93396 393208 0 0 20 0 60364 48844 9120 5352 3768 1236 0 0 0 254572 667536 768988 17460 751488 
1470 509144 5832 41168 385088 0 93244 393208 0 0 4 0 60212 48620 9124 5352 3772 1216 0 0 0 254572 667180 768988 17460 751488 
1475 509144 5832 41168 385092 0 93244 393212 0 0 4 0 60212 48620 9128 5352 3776 1216 0 0 0 254572 667180 768988 17460 751488 
1480 509144 5832 41168 385096 0 93244 393216 0 0 16 0 60212 48620 9128 5356 3772 1216 0 0 0 254572 667180 768988 17460 751488 
1485 509144 5832 41168 385100 0 93244 393220 0 0 16 0 60212 48620 9124 5360 3764 1216 0 0 0 254572 667180 768988 17460 751488 
1490 509144 5708 41168 385108 0 93244 393228 0 0 8 0 60212 48620 9128 5360 3768 1216 0 0 0 254572 667180 768988 17460 751488 
1495 509144 5700 41168 385108 0 93388 393228 0 0 20 0 60356 48828 9128 5360 3768 1236 0 0 0 254572 667536 768988 17460 751488 
1500 509144 5708 41168 385112 0 93248 393232 0 0 8 0 60216 48620 9128 5360 3768 1216 0 0 0 254572 667180 768988 17460 751488 
1505 509144 5708 41168 385112 0 93248 393232 0 0 4 0 60216 48620 9132 5360 3772 1216 0 0 0 254572 667180 768988 17460 751488 
1510 509144 5708 41168 385116 0 93248 393236 0 0 16 0 60216 48620 9128 5360 3768 1216 0 0 0 254572 667180 768988 17460 751488 
1515 509144 5708 41168 385124 0 93248 393244 0 0 12 0 60216 48620 9124 5360 3764 1216 0 0 0 254572 667180 768988 17460 751488 
1520 509144 5708 41168 385124 0 93248 393244 0 0 24 0 60216 48620 9128 5360 3768 1216 0 0 0 254572 667180 768988 17460 751488 
1525 509144 5716 41168 385128 0 93248 393248 0 0 24 0 60216 48620 9124 5360 3764 1216 0 0 0 254572 667180 768988 17460 751488 
1530 509144 5716 41168 385128 0 93248 393248 0 0 24 0 60216 48620 9124 5360 3764 1216 0 0 0 254572 667180 768988 17460 751488 
1535 509144 5716 41168 385132 0 93248 393252 0 0 16 0 60216 48620 9128 5360 3768 1216 0 0 0 254572 667180 768988 17460 751488 
1540 509144 5716 41172 385140 0 93248 393264 0 0 28 0 60216 48620 9120 5360 3760 1216 0 0 0 254572 667180 768988 17460 751488 
1545 509144 5716 41172 385140 0 93252 393260 0 0 28 0 60216 48620 9116 5360 3756 1216 0 0 0 254572 667180 768988 17460 751488 
1550 509144 5716 41172 385144 0 93252 393264 0 0 16 0 60216 48620 9124 5360 3764 1216 0 0 0 254572 667180 768988 17460 751488 
1555 509144 5576 41172 385144 0 93384 393264 0 0 8 0 60348 48812 9128 5360 3768 1236 0 0 0 254572 667536 768988 17460 751488 
1560 509144 5708 41172 385148 0 93252 393268 0 0 16 0 60216 48620 9132 5360 3772 1216 0 0 0 254572 667180 768988 17460 751488 
1565 509144 5708 41172 385152 0 93252 393272 0 0 4 0 60216 48620 9128 5360 3768 1216 0 0 0 254572 667180 768988 17460 751488 
1570 509144 5708 41172 385156 0 93252 393276 0 0 8 0 60216 48620 9132 5360 3772 1216 0 0 0 254572 667180 768988 17460 751488 
1575 509144 5708 41172 385160 0 93252 393280 0 0 12 0 60216 48620 9128 5360 3768 1216 0 0 0 254572 667180 768988 17460 751488 
1580 509144 5708 41172 385160 0 93252 393280 0 0 12 0 60216 48620 9132 5360 3772 1216 0 0 0 254572 667180 768988 17460 751488 
1585 509144 5708 41172 385164 0 93252 393284 0 0 4 0 60216 48620 9124 5360 3764 1216 0 0 0 254572 667180 768988 17460 751488 
1590 509144 5708 41172 385168 0 93252 393288 0 0 12 0 60216 48620 9136 5364 3772 1216 0 0 0 254572 667180 768988 17460 751488 
1595 509144 5708 41172 385172 0 93252 393292 0 0 12 0 60216 48620 9136 5364 3772 1216 0 0 0 254572 667180 768988 17460 751488 
1600 509144 5716 41188 385172 0 93268 393292 0 0 4 0 60216 48620 9128 5364 3764 1216 0 0 0 254572 667180 768988 17460 751488 
1605 509144 5716 41188 385176 0 93268 393296 0 0 8 0 60216 48620 9124 5364 3760 1216 0 0 0 254572 667180 768988 17460 751488 
1610 509144 5716 41188 385184 0 93268 393304 0 0 8 0 60216 48620 9124 5364 3760 1216 0 0 0 254572 667180 768988 17460 751488 
1615 509144 5584 41276 385184 0 93356 393304 0 0 8 0 60216 48620 9140 5368 3772 1216 0 0 0 254572 667180 768988 17460 751488 
1620 509144 5584 41276 385192 0 93356 393312 0 0 8 0 60216 48620 9144 5368 3776 1216 0 0 0 254572 667180 768988 17460 751488 
1625 509144 5584 41276 385192 0 93356 393312 0 0 12 0 60216 48620 9140 5368 3772 1216 0 0 0 254572 667180 768988 17460 751488 
1630 509144 6080 41292 384632 0 93372 392752 0 0 8 0 60216 48620 9144 5368 3776 1216 0 0 0 254572 667180 768988 17460 751488 
1635 509144 6080 41292 384632 0 93372 392752 0 0 0 0 60216 48620 9140 5368 3772 1216 0 0 0 254572 667180 768988 17460 751488 
1640 509144 6080 41292 384636 0 93372 392756 0 0 8 0 60216 48620 9136 5368 3768 1216 0 0 0 254572 667180 768988 17460 751488 
1645 509144 6088 41292 384644 0 93372 392764 0 0 8 0 60216 48620 9132 5368 3764 1216 0 0 0 254572 667180 768988 17460 751488 
1650 509144 6088 41292 384644 0 93372 392764 0 0 4 0 60216 48620 9132 5368 3764 1216 0 0 0 254572 667180 768988 17460 751488 
1655 509144 6088 41292 384652 0 93372 392772 0 0 8 0 60216 48620 9132 5368 3764 1216 0 0 0 254572 667180 768988 17460 751488 
1660 509144 6080 41292 384652 0 93372 392772 0 0 20 0 60216 48620 9140 5368 3772 1216 0 0 0 254572 667180 768988 17460 751488 
1665 509144 6080 41292 384656 0 93372 392776 0 0 8 0 60216 48620 9136 5368 3768 1216 0 0 0 254572 667180 768988 17460 751488 
1670 509144 6080 41292 384664 0 93372 392784 0 0 20 0 60216 48620 9132 5368 3764 1216 0 0 0 254572 667180 768988 17460 751488 
1675 509144 6080 41292 384664 0 93372 392784 0 0 8 0 60216 48620 9140 5368 3772 1216 0 0 0 254572 667180 768988 17460 751488 
1680 509144 6080 41292 384668 0 93372 392788 0 0 8 0 60216 48620 9136 5368 3768 1216 0 0 0 254572 667180 768988 17460 751488 
1685 509144 6080 41292 384668 0 93372 392788 0 0 16 0 60216 48620 9140 5368 3772 1216 0 0 0 254572 667180 768988 17460 751488 
1690 509144 6080 41292 384672 0 93372 392792 0 0 8 0 60216 48620 9136 5368 3768 1216 0 0 0 254572 667180 768988 17460 751488 
1695 509144 6080 41292 384676 0 93372 392796 0 0 4 0 60216 48620 9144 5368 3776 1216 0 0 0 254572 667180 768988 17460 751488 
1700 509144 6080 41292 384680 0 93372 392800 0 0 20 0 60216 48620 9144 5368 3776 1216 0 0 0 254572 667180 768988 17460 751488 
1705 509144 6080 41292 384684 0 93372 392804 0 0 0 0 60216 48620 9140 5368 3772 1216 0 0 0 254572 667180 768988 17460 751488 
1710 509144 6080 41292 384684 0 93372 392804 0 0 4 0 60216 48620 9140 5368 3772 1216 0 0 0 254572 667180 768988 17460 751488 
1715 509144 6080 41292 384688 0 93372 392808 0 0 16 0 60216 48620 9144 5368 3776 1216 0 0 0 254572 667180 768988 17460 751488 
1720 509144 5956 41308 384692 0 93388 392812 0 0 4 0 60216 48620 9140 5368 3772 1216 0 0 0 254572 667180 768988 17460 751488 
1725 509144 6080 41308 384696 0 93388 392816 0 0 0 0 60216 48620 9144 5368 3776 1216 0 0 0 254572 667180 768988 17460 751488 
1730 509144 6080 41308 384700 0 93388 392820 0 0 16 0 60216 48620 9140 5368 3772 1216 0 0 0 254572 667180 768988 17460 751488 
1735 509144 5956 41320 384700 0 93400 392820 0 0 8 0 60216 48620 9140 5368 3772 1216 0 0 0 254572 667180 768988 17460 751488 
1740 509144 5956 41320 384704 0 93400 392824 0 0 4 0 60216 48620 9140 5368 3772 1216 0 0 0 254572 667180 768988 17460 751488 
1745 509144 5956 41320 384708 0 93400 392828 0 0 16 0 60216 48620 9136 5368 3768 1216 0 0 0 254572 667180 768988 17460 751488 
1750 509144 5956 41344 384712 0 93424 392832 0 0 24 0 60216 48620 9140 5368 3772 1216 0 0 0 254572 667180 768988 17460 751488 
1755 509144 5956 41344 384712 0 93424 392832 0 0 8 0 60216 48620 9144 5368 3776 1216 0 0 0 254572 667180 768988 17460 751488 
1760 509144 5956 41344 384716 0 93424 392836 0 0 20 0 60216 48620 9140 5368 3772 1216 0 0 0 254572 667180 768988 17460 751488 
1765 509144 5956 41364 384720 0 93444 392840 0 0 0 0 60216 48620 9140 5368 3772 1216 0 0 0 254572 667180 768988 17460 751488 
1770 509144 5956 41364 384724 0 93444 392844 0 0 8 0 60216 48620 9140 5368 3772 1216 0 0 0 254572 667180 768988 17460 751488 
1775 509144 5956 41364 384728 0 93444 392848 0 0 16 0 60216 48620 9144 5368 3776 1216 0 0 0 254572 667180 768988 17460 751488 
1780 509144 5832 41416 384728 0 93496 392848 0 0 8 0 60216 48620 9144 5368 3776 1216 0 0 0 254572 667180 768988 17460 751488 
1785 509144 5832 41416 384732 0 93496 392852 0 0 8 0 60216 48620 9136 5368 3768 1216 0 0 0 254572 667180 768988 17460 751488 
1790 509144 5832 41416 384736 0 93496 392856 0 0 20 0 60216 48620 9136 5368 3768 1216 0 0 0 254572 667180 768988 17460 751488 
1795 509144 5832 41416 384740 0 93496 392860 0 0 12 0 60216 48620 9144 5368 3776 1216 0 0 0 254572 667180 768988 17460 751488 
1800 509144 5832 41416 384744 0 93496 392864 0 0 8 0 60216 48620 9136 5368 3768 1216 0 0 0 254572 667180 768988 17460 751488 
1805 509144 5832 41416 384744 0 93496 392864 0 0 8 0 60216 48620 9136 5368 3768 1216 0 0 0 254572 667180 768988 17460 751488 
1810 509144 5832 41416 384748 0 93496 392868 0 0 8 0 60216 48620 9136 5368 3768 1216 0 0 0 254572 667180 768988 17460 751488 
1815 509144 5708 41416 384748 0 93496 392868 0 0 8 0 60216 48620 9136 5368 3768 1216 0 0 0 254572 667180 768988 17460 751488 
1820 509144 5832 41416 384756 0 93496 392876 0 0 24 0 60216 48620 9140 5368 3772 1216 0 0 0 254572 667180 768988 17460 751488 
1825 509144 5832 41416 384764 0 93496 392884 0 0 0 0 60216 48620 9140 5368 3772 1216 0 0 0 254572 667180 768988 17460 751488 
1830 509144 5832 41416 384764 0 93496 392884 0 0 8 0 60216 48620 9144 5368 3776 1216 0 0 0 254572 667180 768988 17460 751488 
1835 509144 5832 41416 384768 0 93496 392888 0 0 8 0 60216 48620 9140 5368 3772 1216 0 0 0 254572 667180 768988 17460 751488 
1840 509144 5832 41416 384768 0 93496 392888 0 0 8 0 60216 48620 9136 5368 3768 1216 0 0 0 254572 667180 768988 17460 751488 
1845 509144 5832 41416 384772 0 93496 392892 0 0 8 0 60216 48620 9140 5368 3772 1216 0 0 0 254572 667180 768988 17460 751488 
1850 509144 5832 41416 384776 0 93496 392896 0 0 8 0 60216 48620 9136 5368 3768 1216 0 0 0 254572 667180 768988 17460 751488 
1855 509144 5708 41416 384780 0 93496 392900 0 0 4 0 60216 48620 9140 5368 3772 1216 0 0 0 254572 667180 768988 17460 751488 
1860 509144 5832 41416 384784 0 93496 392904 0 0 8 0 60216 48620 9140 5368 3772 1216 0 0 0 254572 667180 768988 17460 751488 
1865 509144 5832 41416 384784 0 93496 392904 0 0 16 0 60216 48620 9136 5368 3768 1216 0 0 0 254572 667180 768988 17460 751488 
1870 509144 5832 41416 384788 0 93496 392908 0 0 20 0 60216 48620 9136 5368 3768 1216 0 0 0 254572 667180 768988 17460 751488 
1875 509144 5832 41416 384792 0 93496 392912 0 0 4 0 60216 48620 9140 5368 3772 1216 0 0 0 254572 667180 768988 17460 751488 
1880 509144 5832 41416 384796 0 93496 392916 0 0 12 0 60216 48620 9136 5368 3768 1216 0 0 0 254572 667180 768988 17460 751488 
1885 509144 5832 41416 384800 0 93496 392920 0 0 20 0 60216 48620 9140 5368 3772 1216 0 0 0 254572 667180 768988 17460 751488 
1890 509144 5832 41416 384800 0 93496 392920 0 0 20 0 60216 48620 9140 5368 3772 1216 0 0 0 254572 667180 768988 17460 751488 
1895 509144 5832 41416 384804 0 93496 392924 0 0 8 0 60216 48620 9140 5368 3772 1216 0 0 0 254572 667180 768988 17460 751488 
1900 509144 5832 41416 384808 0 93496 392928 0 0 20 0 60216 48620 9140 5368 3772 1216 0 0 0 254572 667180 768988 17460 751488 
1905 509144 5832 41416 384812 0 93496 392932 0 0 8 0 60216 48620 9140 5368 3772 1216 0 0 0 254572 667180 768988 17460 751488 
1910 509144 5832 41416 384812 0 93496 392932 0 0 20 0 60216 48620 9140 5368 3772 1216 0 0 0 254572 667180 768988 17460 751488 
1915 509144 5832 41416 384816 0 93496 392936 0 0 16 0 60216 48620 9144 5368 3776 1216 0 0 0 254572 667180 768988 17460 751488 
1920 509144 5832 41416 384820 0 93496 392940 0 0 8 0 60216 48620 9140 5368 3772 1216 0 0 0 254572 667180 768988 17460 751488 
1925 509144 5832 41416 384828 0 93516 392928 0 0 4 0 60216 48620 9140 5372 3768 1216 0 0 0 254572 667180 768988 17460 751488 
1930 509144 5832 41416 384832 0 93516 392932 0 0 8 0 60216 48620 9144 5372 3772 1216 0 0 0 254572 667180 768988 17460 751488 
1935 509144 5832 41416 384832 0 93516 392932 0 0 4 0 60216 48620 9144 5372 3772 1216 0 0 0 254572 667180 768988 17460 751488 
1940 509144 5692 41416 384836 0 93516 392936 0 0 8 0 60216 48620 9156 5368 3788 1216 0 0 0 254572 667180 768988 17460 751488 
1945 509144 5816 41416 384840 0 93516 392940 0 0 8 0 60216 48620 9148 5368 3780 1216 0 0 0 254572 667180 768988 17460 751488 
1950 509144 5816 41416 384844 0 93516 392944 0 0 8 0 60216 48620 9152 5368 3784 1216 0 0 0 254572 667180 768988 17460 751488 
1955 509144 5692 41416 384848 0 93516 392948 0 0 8 0 60216 48620 9160 5372 3788 1216 0 0 0 254572 667180 768988 17460 751488 
1960 509144 5692 41416 384848 0 93516 392948 0 0 28 0 60216 48620 9156 5372 3784 1216 0 0 0 254572 667180 768988 17460 751488 
1965 509144 5692 41416 384852 0 93516 392952 0 0 0 0 60216 48620 9160 5372 3788 1216 0 0 0 254572 667180 768988 17460 751488 
1970 509144 5692 41416 384852 0 93516 392952 0 0 8 0 60216 48620 9152 5368 3784 1216 0 0 0 254572 667180 768988 17460 751488 
1975 509144 5708 41416 384860 0 93516 392960 0 0 4 0 60216 48620 9140 5368 3772 1216 0 0 0 254572 667180 768988 17460 751488 
1980 509144 5708 41416 384864 0 93516 392964 0 0 8 0 60216 48620 9140 5368 3772 1216 0 0 0 254572 667180 768988 17460 751488 
1985 509144 5708 41416 384864 0 93516 392964 0 0 4 0 60216 48620 9140 5368 3772 1216 0 0 0 254572 667180 768988 17460 751488 
1990 509144 5708 41416 384868 0 93516 392968 0 0 8 0 60216 48620 9140 5368 3772 1216 0 0 0 254572 667180 768988 17460 751488 
1995 509144 5708 41416 384872 0 93516 392972 0 0 4 0 60216 48620 9140 5368 3772 1216 0 0 0 254572 667180 768988 17460 751488 
2000 509144 5708 41416 384880 0 93516 392980 0 0 8 0 60216 48620 9144 5368 3776 1216 0 0 0 254572 667180 768988 17460 751488 
2005 509144 5708 41416 384880 0 93516 392980 0 0 4 0 60216 48620 9144 5368 3776 1216 0 0 0 254572 667180 768988 17460 751488 
2010 509144 5708 41416 384884 0 93516 392984 0 0 8 0 60216 48620 9136 5368 3768 1216 0 0 0 254572 667180 768988 17460 751488 
2015 509144 5708 41416 384888 0 93516 392988 0 0 8 0 60216 48620 9136 5368 3768 1216 0 0 0 254572 667180 768988 17460 751488 
2020 509144 5708 41416 384888 0 93516 392988 0 0 8 0 60216 48620 9132 5368 3764 1216 0 0 0 254572 667180 768988 17460 751488 
2025 509144 5708 41416 384896 0 93516 392996 0 0 12 0 60216 48620 9136 5368 3768 1216 0 0 0 254572 667180 768988 17460 751488 
2030 509144 5708 41416 384896 0 93516 392996 0 0 16 0 60216 48620 9140 5368 3772 1216 0 0 0 254572 667180 768988 17460 751488 
2035 509144 5708 41416 384900 0 93516 393000 0 0 8 0 60216 48620 9136 5368 3768 1216 0 0 0 254572 667180 768988 17460 751488 
2040 509144 5708 41416 384904 0 93516 393004 0 0 24 0 60216 48620 9140 5368 3772 1216 0 0 0 254572 667180 768988 17460 751488 
2045 509144 5708 41416 384904 0 93516 393004 0 0 4 0 60216 48620 9140 5368 3772 1216 0 0 0 254572 667180 768988 17460 751488 
2050 509144 5708 41416 384912 0 93516 393012 0 0 8 0 60216 48620 9136 5368 3768 1216 0 0 0 254572 667180 768988 17460 751488 
2055 509144 5708 41416 384912 0 93516 393012 0 0 16 0 60216 48620 9140 5368 3772 1216 0 0 0 254572 667180 768988 17460 751488 
2060 509144 5708 41416 384916 0 93516 393016 0 0 4 0 60216 48620 9140 5368 3772 1216 0 0 0 254572 667180 768988 17460 751488 
2065 509144 5708 41416 384916 0 93516 393016 0 0 8 0 60216 48620 9140 5368 3772 1216 0 0 0 254572 667180 768988 17460 751488 
2070 509144 5708 41416 384920 0 93516 393020 0 0 20 0 60216 48620 9136 5368 3768 1216 0 0 0 254572 667180 768988 17460 751488 
2075 509144 5708 41416 384928 0 93516 393028 0 0 16 0 60216 48620 9140 5368 3772 1216 0 0 0 254572 667180 768988 17460 751488 
2080 509144 5708 41416 384928 0 93516 393028 0 0 8 0 60216 48620 9140 5368 3772 1216 0 0 0 254572 667180 768988 17460 751488 
2085 509144 5708 41416 384932 0 93516 393032 0 0 16 0 60216 48620 9136 5368 3768 1216 0 0 0 254572 667180 768988 17460 751488 
2090 509144 5708 41416 384932 0 93516 393032 0 0 20 0 60216 48620 9136 5368 3768 1216 0 0 0 254572 667180 768988 17460 751488 
2095 509144 5708 41416 384936 0 93516 393036 0 0 4 0 60216 48620 9136 5368 3768 1216 0 0 0 254572 667180 768988 17460 751488 
2100 509144 5708 41416 384944 0 93516 393044 0 0 36 0 60216 48620 9136 5368 3768 1216 0 0 0 254572 667180 768988 17460 751488 
2105 509144 5708 41416 384944 0 93516 393044 0 0 16 0 60216 48620 9140 5368 3772 1216 0 0 0 254572 667180 768988 17460 751488 
2110 509144 5708 41416 384948 0 93516 393048 0 0 8 0 60216 48620 9136 5368 3768 1216 0 0 0 254572 667180 768988 17460 751488 
2115 509144 5708 41416 384948 0 93516 393048 0 0 8 0 60216 48620 9140 5368 3772 1216 0 0 0 254572 667180 768988 17460 751488 
2120 509144 5708 41416 384956 0 93516 393056 0 0 20 0 60216 48620 9136 5368 3768 1216 0 0 0 254572 667180 768988 17460 751488 
2125 509144 5708 41416 384960 0 93516 393060 0 0 8 0 60216 48620 9140 5368 3772 1216 0 0 0 254572 667180 768988 17460 751488 
2130 509144 5708 41416 384964 0 93516 393064 0 0 8 0 60216 48620 9136 5368 3768 1216 0 0 0 254572 667180 768988 17460 751488 
2135 509144 5708 41416 384968 0 93516 393068 0 0 16 0 60216 48620 9140 5368 3772 1216 0 0 0 254572 667180 768988 17460 751488 
2140 509144 5584 41416 384968 0 93520 393068 0 0 8 0 60220 48620 9140 5368 3772 1216 0 0 0 254572 667180 768988 17460 751488 
2145 509144 5584 41416 384972 0 93520 393072 0 0 8 0 60220 48620 9140 5368 3772 1216 0 0 0 254572 667180 768988 17460 751488 
2150 509144 5584 41416 384976 0 93520 393076 0 0 20 0 60220 48620 9132 5368 3764 1216 0 0 0 254572 667180 768988 17460 751488 
2155 509144 5584 41416 384980 0 93520 393080 0 0 0 0 60220 48620 9140 5368 3772 1216 0 0 0 254572 667180 768988 17460 751488 
2160 509144 5584 41416 384984 0 93520 393084 0 0 8 0 60220 48620 9136 5368 3768 1216 0 0 0 254572 667180 768988 17460 751488 
2165 509144 5584 41416 384988 0 93520 393088 0 0 16 0 60220 48620 9136 5368 3768 1216 0 0 0 254572 667180 768988 17460 751488 
2170 509144 5584 41416 384992 0 93520 393092 0 0 8 0 60220 48620 9136 5368 3768 1216 0 0 0 254572 667180 768988 17460 751488 
2175 509144 5584 41416 384992 0 93520 393092 0 0 8 0 60220 48620 9140 5368 3772 1216 0 0 0 254572 667180 768988 17460 751488 
2180 509144 5584 41416 385000 0 93520 393100 0 0 20 0 60220 48620 9136 5368 3768 1216 0 0 0 254572 667180 768988 17460 751488 
2185 509144 5584 41416 385000 0 93520 393100 0 0 0 0 60220 48620 9136 5368 3768 1216 0 0 0 254572 667180 768988 17460 751488 
2190 509144 5584 41416 385004 0 93520 393104 0 0 8 0 60220 48620 9140 5368 3772 1220 0 0 0 254572 667180 768988 17460 751488 
2195 509144 5584 41416 385008 0 93520 393108 0 0 20 0 60220 48620 9140 5368 3772 1216 0 0 0 254572 667180 768988 17460 751488 
2200 509144 5592 41416 385008 0 93520 393108 0 0 8 0 60220 48620 9128 5368 3760 1216 0 0 0 254572 667180 768988 17460 751488 
2205 509144 5592 41416 385016 0 93520 393116 0 0 0 0 60220 48620 9132 5368 3764 1216 0 0 0 254572 667180 768988 17460 751488 
2210 509144 5592 41416 385016 0 93520 393116 0 0 20 0 60220 48620 9132 5368 3764 1216 0 0 0 254572 667180 768988 17460 751488 
2215 509144 5584 41416 385020 0 93520 393120 0 0 8 0 60220 48620 9140 5368 3772 1216 0 0 0 254572 667180 768988 17460 751488 
2220 509144 5584 41416 385020 0 93520 393120 0 0 20 0 60220 48620 9144 5368 3776 1216 0 0 0 254572 667180 768988 17460 751488 
2225 509144 5584 41416 385024 0 93520 393124 0 0 8 0 60220 48620 9140 5368 3772 1216 0 0 0 254572 667180 768988 17460 751488 
2230 509144 5592 41416 385032 0 93520 393132 0 0 8 0 60220 48620 9128 5368 3760 1216 0 0 0 254572 667180 768988 17460 751488 
2235 509144 5592 41416 385032 0 93520 393132 0 0 4 0 60220 48620 9132 5368 3764 1216 0 0 0 254572 667180 768988 17460 751488 
2240 509144 5592 41416 385036 0 93520 393136 0 0 8 0 60220 48620 9128 5368 3760 1216 0 0 0 254572 667180 768988 17460 751488 
2245 509144 5584 41416 385036 0 93520 393136 0 0 4 0 60220 48620 9136 5368 3768 1216 0 0 0 254572 667180 768988 17460 751488 
2250 509144 5584 41416 385040 0 93520 393140 0 0 8 0 60220 48620 9136 5368 3768 1216 0 0 0 254572 667180 768988 17460 751488 
2255 509144 5584 41416 385044 0 93520 393144 0 0 8 0 60220 48620 9144 5368 3776 1216 0 0 0 254572 667180 768988 17460 751488 
2260 509144 5584 41416 385048 0 93520 393148 0 0 20 0 60220 48620 9140 5368 3772 1216 0 0 0 254572 667180 768988 17460 751488 
2265 509144 5584 41416 385052 0 93520 393152 0 0 4 0 60220 48620 9136 5368 3768 1216 0 0 0 254572 667180 768988 17460 751488 
2270 509144 5584 41416 385052 0 93520 393152 0 0 20 0 60220 48620 9136 5368 3768 1216 0 0 0 254572 667180 768988 17460 751488 
2275 509144 5584 41416 385056 0 93520 393156 0 0 16 0 60220 48620 9136 5368 3768 1216 0 0 0 254572 667180 768988 17460 751488 
2280 509144 5584 41416 385060 0 93520 393160 0 0 8 0 60220 48620 9136 5368 3768 1216 0 0 0 254572 667180 768988 17460 751488 
2285 509144 5584 41416 385064 0 93520 393164 0 0 8 0 60220 48620 9140 5368 3772 1216 0 0 0 254572 667180 768988 17460 751488 
2290 509144 5584 41416 385068 0 93520 393168 0 0 20 0 60220 48620 9140 5368 3772 1216 0 0 0 254572 667180 768988 17460 751488 
2295 509144 5584 41416 385068 0 93520 393168 0 0 8 0 60220 48620 9140 5368 3772 1216 0 0 0 254572 667180 768988 17460 751488 
2300 509144 5584 41416 385072 0 93520 393172 0 0 8 0 60220 48620 9140 5368 3772 1216 0 0 0 254572 667180 768988 17460 751488 
2305 509144 5584 41416 385076 0 93520 393176 0 0 4 0 60220 48620 9140 5368 3772 1216 0 0 0 254572 667180 768988 17460 751488 
2310 509144 5584 41416 385080 0 93520 393180 0 0 8 0 60220 48620 9144 5372 3772 1216 0 0 0 254572 667180 768988 17460 751488 
2315 509144 5584 41416 385080 0 93520 393180 0 0 12 0 60220 48620 9144 5372 3772 1216 0 0 0 254572 667180 768988 17460 751488 
2320 509144 5592 41416 385084 0 93520 393184 0 0 8 0 60220 48620 9140 5372 3768 1216 0 0 0 254572 667180 768988 17460 751488 
2325 509144 5592 41416 385088 0 93520 393188 0 0 4 0 60220 48620 9136 5372 3764 1216 0 0 0 254572 667180 768988 17460 751488 
2330 509144 5468 41416 385096 0 93520 393196 0 0 8 0 60220 48620 9136 5372 3764 1216 0 0 0 254572 667180 768988 17460 751488 
2335 509144 5460 41416 385100 0 93520 393200 0 0 16 0 60220 48620 9144 5372 3772 1216 0 0 0 254572 667180 768988 17460 751488 
2340 509144 5336 41416 385100 0 93520 393200 0 0 20 0 60220 48620 9140 5372 3768 1216 0 0 0 254572 667180 768988 17460 751488 
2345 509144 5460 41416 385104 0 93520 393204 0 0 8 0 60220 48620 9140 5372 3768 1216 0 0 0 254572 667180 768988 17460 751488 
2350 509144 5460 41416 385108 0 93520 393208 0 0 24 0 60220 48620 9140 5372 3768 1216 0 0 0 254572 667180 768988 17460 751488 
2355 509144 5460 41416 385112 0 93520 393212 0 0 4 0 60220 48620 9140 5372 3768 1216 0 0 0 254572 667180 768988 17460 751488 
2360 509144 5460 41416 385116 0 93520 393216 0 0 8 0 60220 48620 9144 5372 3772 1216 0 0 0 254572 667180 768988 17460 751488 
2365 509144 5460 41416 385116 0 93520 393216 0 0 4 0 60220 48620 9140 5372 3768 1216 0 0 0 254572 667180 768988 17460 751488 
2370 509144 5460 41416 385120 0 93520 393220 0 0 8 0 60220 48620 9140 5372 3768 1216 0 0 0 254572 667180 768988 17460 751488 
2375 509144 5460 41416 385120 0 93520 393220 0 0 8 0 60220 48620 9144 5372 3772 1216 0 0 0 254572 667180 768988 17460 751488 
2380 509144 5468 41416 385128 0 93520 393228 0 0 8 0 60220 48620 9136 5372 3764 1216 0 0 0 254572 667180 768988 17460 751488 
2385 509144 5468 41416 385132 0 93520 393232 0 0 8 0 60220 48620 9140 5372 3768 1216 0 0 0 254572 667180 768988 17460 751488 
2390 509144 5468 41416 385132 0 93520 393232 0 0 4 0 60220 48620 9136 5372 3764 1216 0 0 0 254572 667180 768988 17460 751488 
2395 509144 5336 41492 385136 0 93596 393236 0 0 8 0 60220 48620 9152 5376 3776 1216 0 0 0 254572 667180 768988 17460 751488 
2400 509144 5336 41492 385136 0 93596 393236 0 0 4 0 60220 48620 9144 5376 3768 1216 0 0 0 254572 667180 768988 17460 751488 
2405 509144 5336 41492 385144 0 93596 393244 0 0 8 0 60220 48620 9152 5376 3776 1216 0 0 0 254572 667180 768988 17460 751488 
2410 509144 5336 41584 385144 0 93688 393244 0 0 4 0 60220 48620 9156 5384 3772 1216 0 0 0 254572 667180 768988 17460 751488 
2415 509144 5336 41584 385148 0 93688 393248 0 0 8 0 60220 48620 9156 5384 3772 1216 0 0 0 254572 667180 768988 17460 751488 
2420 509144 5336 41584 385152 0 93688 393252 0 0 0 0 60220 48620 9152 5384 3768 1216 0 0 0 254572 667180 768988 17460 751488 
